    1   28   12
 10.811
    1    1  0.0150  0.0000  0.0000
 -0.474200891788  -0.123559057380   0.000000000000
  0.003294690537   0.000055686754   0.000000000000
 -0.005714429682   0.029283547435   0.000000000000
 -0.002948200676   0.002179790212   0.000000000000
  0.044408533192  -0.003386383908   0.000000000000
  0.026275923093  -0.002721113948   0.000000000000
  0.000667095835  -0.007369946530   0.000000000000
  0.000860877525   0.010289544547   0.000000000000
  0.039059712509   0.015928961779   0.000000000000
 -0.001492960157   0.000735495173   0.000000000000
 -0.003668040520  -0.002769417704   0.000000000000
  0.000125267860  -0.000094250960   0.000000000000
  0.005115995486   0.005537601025   0.000000000000
  0.002872658393   0.003019019716   0.000000000000
 -0.000288713135  -0.005333603904   0.000000000000
  0.004713547652  -0.001226516642   0.000000000000
  0.064966239776   0.032056240961   0.041200334249
 -0.003210250881   0.000302998653  -0.000926425218
  0.001578895947   0.007478836218   0.009282704709
 -0.001306025228  -0.000823049452  -0.000624071836
  0.064966239776   0.032056240961  -0.041200334249
 -0.003210250881   0.000302998653   0.000926425218
  0.001578895947   0.007478836218  -0.009282704709
 -0.001306025228  -0.000823049452   0.000624071836
  0.124855506192   0.065535335495   0.000000000000
 -0.000642366778   0.001655362640   0.000000000000
  0.112414522231  -0.066666227306   0.000000000000
  0.000233553002   0.000876120744   0.000000000000
    1    2  0.0000  0.0150  0.0000
 -0.123766624415  -0.395999805052   0.000000000000
  0.000052109773  -0.001713229531   0.000000000000
  0.029403945112   0.089048739335   0.000000000000
  0.001993282593   0.000989894062   0.000000000000
  0.003390876361  -0.022092273319   0.000000000000
  0.002648608592  -0.007092751260   0.000000000000
 -0.010477326742   0.002799131208   0.000000000000
  0.007567900332   0.002644779577   0.000000000000
  0.048268304189   0.120666238176   0.000000000000
 -0.000178039389   0.001555955888   0.000000000000
 -0.008145855518   0.006296318963   0.000000000000
  0.001304204159   0.001497178084   0.000000000000
 -0.001692727272   0.018098712327   0.000000000000
  0.001106814696   0.001940558953   0.000000000000
 -0.000589822523   0.005413606115   0.000000000000
  0.004308460892   0.001141797610   0.000000000000
  0.030845379405   0.022264380329   0.013251998814
  0.000382583293  -0.000197124050  -0.001725896279
  0.010872515752   0.006058455399   0.005388297917
 -0.001309450882   0.000910665861   0.002589954245
  0.030845379405   0.022264380329  -0.013251998814
  0.000382583293  -0.000197124050   0.001725896279
  0.010872515752   0.006058455399  -0.005388297917
 -0.001309450882   0.000910665861  -0.002589954245
  0.057250282009   0.053837987892   0.000000000000
  0.003719251582   0.003493762213   0.000000000000
 -0.094806625400   0.061395005959   0.000000000000
 -0.002939074168  -0.001994362281   0.000000000000
    1    3  0.0000  0.0000  0.0150
  0.000350580843  -0.000065396801  -0.083524331035
 -0.000495665890  -0.000221130992   0.000174717659
  0.000704794211   0.000505572143  -0.010640391217
 -0.000876261932  -0.000390188857  -0.003405994074
 -0.000428681034   0.000213125173  -0.006993812565
  0.000522475788  -0.000243656139  -0.000794339320
 -0.000724038109   0.000290514133   0.008056242640
  0.000970664334  -0.000463084848   0.008000265104
  0.000331893026  -0.000162864302  -0.015511009707
 -0.000329832860   0.000408021771  -0.001069928524
  0.000437691242  -0.000671824016   0.009955429576
 -0.000522873135   0.000676104722   0.001913167437
 -0.000337304833  -0.000325195933   0.001878744472
  0.000293710849   0.000394899469  -0.002736778133
 -0.000388359508  -0.000489895141   0.000865255916
  0.000528456754   0.000719548454   0.006232987031
  0.037591933656   0.014118429120   0.039521232508
  0.000815774361  -0.000010590083   0.000046136620
  0.011298021141   0.016053202641   0.001041021924
 -0.000795718837   0.000793424852  -0.000675436832
 -0.037518637687  -0.014188798802   0.039379648633
 -0.000860243510   0.000104354831   0.000282286614
 -0.011357391998  -0.016250028683   0.000656069176
  0.000779930704  -0.000590654439  -0.000231960078
  0.000153474718   0.000651702844   0.016296280752
 -0.000030325837  -0.000820588608  -0.000629812565
  0.000017145715   0.000448450556  -0.008510331604
 -0.000131212167  -0.000483453065   0.000424639589
    9    1  0.0150  0.0000  0.0000
  0.039148857978   0.048204100208   0.000000000000
 -0.001316328740  -0.000094004779   0.000000000000
 -0.003730090979  -0.008250060797   0.000000000000
  0.000353001293   0.001522684696   0.000000000000
  0.005090647750   0.001651133235   0.000000000000
  0.002688413118  -0.001030717589   0.000000000000
  0.004628699029  -0.004169750101   0.000000000000
 -0.000391693648   0.000603272139   0.000000000000
 -0.367303916918   0.198708688511   0.000000000000
 -0.005055018050   0.002180497319   0.000000000000
  0.106625815832  -0.105941389658   0.000000000000
  0.005969472043  -0.003362198859   0.000000000000
  0.103841144327  -0.013338046146   0.000000000000
 -0.001859533164   0.001946313500   0.000000000000
  0.007889708487  -0.004469737017   0.000000000000
  0.007787487852  -0.000646135145   0.000000000000
  0.034792436403  -0.053067931002   0.020865915971
  0.002115198762  -0.000370076791  -0.000762628650
  0.005665555470   0.000179801862   0.002943225943
 -0.002688645405  -0.001045126292   0.003213762025
  0.034792436403  -0.053067931002  -0.020865915971
  0.002115198762  -0.000370076791   0.000762628650
  0.005665555470   0.000179801862  -0.002943225943
 -0.002688645405  -0.001045126292  -0.003213762025
 -0.002515528798   0.016568658364   0.000000000000
  0.004842964288  -0.004873578584   0.000000000000
  0.017243638169  -0.017165309656   0.000000000000
 -0.003706830328   0.000562244804   0.000000000000
    9    2  0.0000  0.0150  0.0000
  0.015511684232   0.120679316778   0.000000000000
  0.000907371574   0.001651793506   0.000000000000
 -0.002883246114   0.006210384895   0.000000000000
 -0.000356120871   0.001215739560   0.000000000000
 -0.005090353432   0.017934884029   0.000000000000
 -0.003175245599   0.002030366682   0.000000000000
  0.001540541354   0.000890377700   0.000000000000
  0.005378387889   0.005380265565   0.000000000000
  0.198280917600  -0.462995855394   0.000000000000
  0.002455286793  -0.000200230898   0.000000000000
 -0.106208960361   0.135507412326   0.000000000000
 -0.003264138905  -0.000049882500   0.000000000000
  0.013734603936   0.028799277366   0.000000000000
 -0.002218378058  -0.002712091161   0.000000000000
  0.000675773397   0.001162649711   0.000000000000
  0.004548362969   0.001063968066   0.000000000000
 -0.052074624500   0.059149403030  -0.026310394386
  0.000037987061  -0.000058700379   0.002185741558
 -0.002476515701   0.000942547922  -0.007526624348
  0.001044643268  -0.000713901576  -0.002800732519
 -0.052074624500   0.059149403030   0.026310394386
  0.000037987061  -0.000058700379  -0.002185741558
 -0.002476515701   0.000942547922   0.007526624348
  0.001044643268  -0.000713901576   0.002800732519
  0.014181976563   0.009459325743   0.000000000000
 -0.001694757910   0.000306564821   0.000000000000
 -0.025999176795   0.016745100809   0.000000000000
  0.000612491484  -0.001718065598   0.000000000000
    9    3  0.0000  0.0000  0.0150
 -0.000007831115   0.000012690578  -0.015518485085
  0.000037559577   0.000020284244  -0.001037806976
 -0.000027968189  -0.000009123782   0.009948561291
  0.000074184955   0.000039397942   0.001966089019
  0.000027446375  -0.000017271059   0.001707702353
 -0.000038673832   0.000015227516  -0.002710788750
  0.000029264044   0.000001115123   0.006306088639
 -0.000084165763   0.000035537531   0.000860964466
 -0.000001575089  -0.000039377109  -0.108728231143
  0.000024549694  -0.000029799384  -0.001337651316
 -0.000046480157   0.000043957567   0.026702375196
  0.000053744641  -0.000064873677   0.004429756132
  0.000018180814   0.000022377184   0.007777904937
 -0.000024320751  -0.000037191108   0.000142226971
  0.000014293282   0.000012604275  -0.000082204869
 -0.000052388077  -0.000070789699  -0.000109410830
  0.033955981372  -0.028436679584   0.043064844619
  0.000806785152  -0.000745956001   0.000443187915
  0.008209199708  -0.009083503673  -0.001686549726
 -0.001209387735   0.001613106586  -0.001184161709
 -0.033983313124   0.028461683551   0.043148968511
 -0.000799459073   0.000729488893   0.000346945698
 -0.008211326154   0.009090535911  -0.001693489427
  0.001218253155  -0.001618543956  -0.001201639652
 -0.000017493167  -0.000031921522   0.001364464624
  0.000024717722   0.000069511283  -0.002933839626
 -0.000005642110  -0.000018418737  -0.009965207071
  0.000015863844   0.000035931107  -0.000020614188
   17    1  0.0150  0.0000  0.0000
  0.064981557318   0.030772233412   0.037440606817
 -0.003386970235   0.000280000057   0.000833740514
  0.001423151417   0.010783436234   0.011346165581
 -0.001376213069  -0.001343633693  -0.000766244147
  0.065089863487  -0.030840198148  -0.037420947018
 -0.003053248542  -0.000450700183  -0.000810359374
 -0.001172716307   0.001242952321   0.000783579468
  0.001624042995  -0.010884890659  -0.011354202436
  0.034784870865  -0.052053672883   0.033912515211
  0.002015776908   0.000191195872   0.000816184520
  0.005597194699  -0.002336174402   0.008202708262
 -0.002726096502   0.001080476113  -0.001210743939
  0.034845367515   0.052164159544  -0.033974069958
  0.002192972941   0.000062896726  -0.000788187481
 -0.002613738444  -0.000928753217   0.001239943909
  0.005670456976   0.002492761117  -0.008215552232
 -0.240501712911  -0.000017774712  -0.000004237221
 -0.000780439639   0.000019428276  -0.000097243710
  0.003819664379   0.002393959461  -0.003187314181
  0.003797236088  -0.002348616563   0.003038305991
  0.004444537885   0.000042678119  -0.000004055998
 -0.000152492952   0.000019236108   0.000103544153
 -0.000784047714   0.000743116954   0.000154369732
 -0.000803614454  -0.000718810203  -0.000049910990
  0.000425642957  -0.000127108499   0.006144101838
  0.000381921832  -0.000042797543  -0.006151069465
  0.024081096588  -0.000058061273   0.000002146201
  0.002175935919  -0.000137338332   0.000016225954
   17    2  0.0000  0.0150  0.0000
  0.031994751817   0.022274178091   0.014169358037
  0.000485852490  -0.000091739306  -0.000032796564
  0.007509137100   0.006013972070   0.016208721231
 -0.000804510428   0.000931988232   0.000741962557
 -0.031994751817   0.022274178091   0.014169358037
 -0.000485852490  -0.000091739306  -0.000032796564
  0.000804510428   0.000931988232   0.000741962557
 -0.007509137100   0.006013972070   0.016208721231
 -0.053068788771   0.059159572203  -0.028711828027
 -0.000224394009  -0.000222558460  -0.000718259754
  0.000333989750   0.000803439453  -0.009098449368
 -0.000987308123  -0.000811379673   0.001620931599
  0.053068788771   0.059159572203  -0.028711828027
  0.000224394009  -0.000222558460  -0.000718259754
  0.000987308123  -0.000811379673   0.001620931599
 -0.000333989750   0.000803439453  -0.009098449368
 -0.000000000000  -0.224064342213   0.012177649548
 -0.000000000000  -0.000233582849  -0.000816789101
  0.002321398055   0.005916417577   0.000327248673
 -0.002321398055   0.005916417577   0.000327248673
 -0.000000000000  -0.014138771009  -0.000934644553
 -0.000000000000  -0.000335354321   0.000793903152
  0.000719700334  -0.002420552927  -0.001643131811
 -0.000719700334  -0.002420552927  -0.001643131811
 -0.003776019333   0.003815320338  -0.001561228210
  0.003776019333   0.003815320338  -0.001561228210
 -0.000000000000   0.047214293629   0.005703166120
 -0.000000000000   0.000820441571   0.000471658107
   17    3  0.0000  0.0000  0.0150
  0.041218181139   0.013253220661   0.039544290707
 -0.001226906755  -0.001812519899   0.000170991140
  0.009002845309   0.005160989785   0.000916860505
 -0.000722699439   0.002641659651  -0.000461971617
 -0.041218181139   0.013253220661   0.039544290707
  0.001226906755  -0.001812519899   0.000170991140
  0.000722699439   0.002641659651  -0.000461971617
 -0.009002845309   0.005160989785   0.000916860505
  0.020930072837  -0.026040340091   0.043087794044
 -0.000999793416   0.002341887809   0.000415309289
  0.002823281472  -0.007402007913  -0.001629259837
  0.003037265962  -0.002582636384  -0.001176753119
 -0.020930072837  -0.026040340091   0.043087794044
  0.000999793416   0.002341887809   0.000415309289
 -0.003037265962  -0.002582636384  -0.001176753119
 -0.002823281472  -0.007402007913  -0.001629259837
 -0.000000000000   0.012174764923  -0.252674809180
 -0.000000000000  -0.000864593378   0.000233452983
 -0.003060461574   0.000342202707   0.003180777801
  0.003060461574   0.000342202707   0.003180777801
 -0.000000000000   0.001087617255   0.070691360264
 -0.000000000000  -0.000926166824  -0.000695133953
 -0.000008014719   0.001625735288  -0.003979599836
  0.000008014719   0.001625735288  -0.003979599836
 -0.003046154534   0.000577038392  -0.001289870948
  0.003046154534   0.000577038392  -0.001289870948
 -0.000000000000   0.012513094158   0.024695924214
 -0.000000000000  -0.000195176148   0.000192069415
   25    1  0.0150  0.0000  0.0000
  0.124999549082   0.057323220504  -0.000000000000
 -0.000264643100   0.003876645926  -0.000000000000
  0.112591437595  -0.094755750200  -0.000000000000
  0.000634676300  -0.002758462293  -0.000000000000
 -0.000843963318  -0.003594404915  -0.000000000000
  0.124480301459  -0.057047491905  -0.000000000000
  0.112151630508   0.095026121724  -0.000000000000
 -0.000164990877   0.003130629635  -0.000000000000
 -0.002371462697   0.014141113037  -0.000000000000
  0.005042616913  -0.002066907042  -0.000000000000
  0.017370938806  -0.026305566637  -0.000000000000
 -0.003496335179   0.000331394948  -0.000000000000
  0.004722041346   0.001624621193  -0.000000000000
 -0.002705947511  -0.014615465183  -0.000000000000
  0.017114626582   0.025951918425  -0.000000000000
 -0.003944368533  -0.000981208970  -0.000000000000
  0.000419436733  -0.003665393980  -0.002920442969
  0.000392611832   0.003613258359   0.003183280010
  0.024189150702  -0.000032688956   0.000169304482
  0.002191051626  -0.000042722036   0.000056506169
  0.000419436733  -0.003665393980   0.002920442969
  0.000392611832   0.003613258359  -0.003183280010
  0.024189150702  -0.000032688956  -0.000169304482
  0.002191051626  -0.000042722036  -0.000056506169
 -0.624642160799   0.000191219759  -0.000000000000
  0.001389564213   0.000336374510  -0.000000000000
  0.031812519467  -0.004351006894  -0.000000000000
  0.031739467958   0.004798097606  -0.000000000000
   25    2  0.0000  0.0150  0.0000
  0.065581787108   0.053739466552   0.000000000000
  0.002008567267   0.003831676694   0.000000000000
 -0.066266012388   0.061677800201   0.000000000000
  0.000942852068  -0.001957974968   0.000000000000
 -0.002008567267   0.003831676694   0.000000000000
 -0.065581787108   0.053739466552   0.000000000000
  0.066266012388   0.061677800201   0.000000000000
 -0.000942852068  -0.001957974968   0.000000000000
  0.016711063618   0.009482586342   0.000000000000
 -0.004906634769   0.000246243790   0.000000000000
 -0.016998767340   0.016987222553   0.000000000000
  0.000443803077  -0.001969307845   0.000000000000
  0.004906634769   0.000246243790   0.000000000000
 -0.016711063618   0.009482586342   0.000000000000
  0.016998767340   0.016987222553   0.000000000000
 -0.000443803077  -0.001969307845   0.000000000000
  0.000014008237   0.003778801107   0.000843410909
 -0.000014008237   0.003778801107   0.000843410909
 -0.000000000000   0.047178267503   0.012640503619
 -0.000000000000   0.000631115727   0.000128415985
  0.000014008237   0.003778801107  -0.000843410909
 -0.000014008237   0.003778801107  -0.000843410909
 -0.000000000000   0.047178267503  -0.012640503619
 -0.000000000000   0.000631115727  -0.000128415985
 -0.000000000000  -0.390124982797   0.000000000000
 -0.000000000000   0.001632449456   0.000000000000
 -0.004475474059  -0.003158432093   0.000000000000
  0.004475474059  -0.003158432093   0.000000000000
   25    3  0.0000  0.0000  0.0150
  0.000086261638   0.000037555123   0.016432007776
  0.000056023309   0.000034333890  -0.000700904822
  0.000247844843   0.000146381466  -0.008413071279
 -0.000159916678  -0.000065332009   0.000386351086
 -0.000056023309   0.000034333890  -0.000700904822
 -0.000086261638   0.000037555123   0.016432007776
 -0.000247844843   0.000146381466  -0.008413071279
  0.000159916678  -0.000065332009   0.000386351086
  0.000020725425  -0.000043298592   0.001377748815
  0.000016701482  -0.000043206942  -0.002934170720
  0.000167195873  -0.000224002481  -0.009986824789
 -0.000085962640   0.000115135561  -0.000046500293
 -0.000016701482  -0.000043206942  -0.002934170720
 -0.000020725425  -0.000043298592   0.001377748815
 -0.000167195873  -0.000224002481  -0.009986824789
  0.000085962640   0.000115135561  -0.000046500293
  0.006123232017  -0.001594183710  -0.001293376109
 -0.006123232017  -0.001594183710  -0.001293376109
 -0.000000000000   0.005384736379   0.024657522757
 -0.000000000000   0.000503406821   0.000112712940
 -0.006120394781   0.001575794432  -0.001356899860
  0.006120394781   0.001575794432  -0.001356899860
 -0.000000000000  -0.005408974363   0.024423267819
 -0.000000000000  -0.000470153896   0.000193694731
 -0.000000000000   0.000189112398  -0.048768142354
 -0.000000000000  -0.000157351059  -0.002819857601
  0.000041664882   0.000040435124   0.007636041050
 -0.000041664882   0.000040435124   0.007636041050
