       N       E                     dE             d eps       ncg     rms          rms(c)
DAV:   1     0.166513242176E+03    0.16651E+03   -0.28284E+04120960   0.141E+03
DAV:   2    -0.873953119657E+02   -0.25391E+03   -0.23417E+03158736   0.218E+02
DAV:   3    -0.975850846575E+02   -0.10190E+02   -0.10089E+02181200   0.384E+01
DAV:   4    -0.976502207361E+02   -0.65136E-01   -0.65131E-01132744   0.350E+00
