       N       E                     dE             d eps       ncg     rms          rms(c)
DAV:   1     0.531900772049E+02    0.53190E+02   -0.17622E+04  9216   0.723E+02
DAV:   2    -0.929255412532E+02   -0.14612E+03   -0.13762E+03 12744   0.150E+02
