       N       E                     dE             d eps       ncg     rms          rms(c)
DAV:   1     0.856405460241E+01    0.85641E+01   -0.36869E+02  8400   0.461E+01
DAV:   2     0.147707290053E+00   -0.84163E+01   -0.83707E+01 16080   0.609E+00
