       N       E                     dE             d eps       ncg     rms          rms(c)
DAV:   1     0.908762680366E+02    0.90876E+02   -0.21094E+04120960   0.929E+02
DAV:   2    -0.912449343216E+02   -0.18212E+03   -0.17033E+03165576   0.175E+02
