    1  112   15
 10.811
    1    1  0.0150  0.0000  0.0000
 -0.463980324666  -0.151976482540   0.025683256067
  0.001102332325  -0.000185865556  -0.000050752245
  0.007307910084   0.002632941468   0.000599786192
  0.001532533106  -0.000803690304   0.000244432718
 -0.001619629452  -0.000681794436  -0.001438098808
  0.000018911431  -0.000036749916  -0.000060733727
  0.000434524408   0.000073119310  -0.000061661542
  0.000164508427  -0.000088170170  -0.000096746351
 -0.000831244469   0.021850616851  -0.000978301406
  0.000388526964   0.000438969385   0.000342411394
  0.003701186074   0.004305091126  -0.000880870247
  0.001464147265   0.000860460695  -0.000048668798
 -0.001353549642  -0.000284021296   0.000009264963
 -0.000125274921   0.000207578779  -0.000066900797
  0.000306430731   0.000323070270  -0.000112684442
  0.000035673719   0.000135199046  -0.000029411009
  0.044237088104  -0.010340548655  -0.003308569939
  0.000441052006  -0.000855847483   0.000182483302
  0.028629233582  -0.000335987136  -0.001569163832
 -0.000062047176  -0.001966371659   0.000079857107
  0.000557603523  -0.000134588172   0.000039746529
 -0.000089613565  -0.000093161212  -0.000077572226
  0.000205741162  -0.000373684925  -0.000032515172
 -0.000131977663  -0.000051737103  -0.000086293499
  0.007360816391  -0.014236055609  -0.000159073475
  0.000204626574   0.001188441579   0.000026669480
  0.007296714360   0.008887790168   0.001564278166
  0.000167235387   0.000257340029   0.000332104776
  0.000412798822   0.000218047397  -0.000017274461
  0.000042273994   0.000166072553  -0.000030900366
  0.000428740946  -0.000254658747  -0.000164705126
  0.000044119972   0.000200486986  -0.000059431932
  0.045240554035   0.027072420121   0.001562178166
 -0.002024115047   0.000888769142  -0.000190108596
 -0.003459093724   0.000530225282   0.000415336762
 -0.001182054232  -0.000716479243   0.000222165973
 -0.000281382421   0.000232482771  -0.000702298858
 -0.000197506779   0.000161949530   0.000008227645
 -0.000138760454  -0.000068997718  -0.000061731079
 -0.000037904072  -0.000074896612  -0.000127732378
 -0.001145592707  -0.005175473071   0.001687101681
 -0.002954294747  -0.003093412575  -0.000242188255
 -0.001757435895  -0.000704775754  -0.000212913070
  0.001292149197   0.000066638651   0.000110698603
  0.000032114061   0.000113723407   0.000043211381
 -0.000019155751   0.000189141576  -0.000171474016
 -0.000036813774  -0.000056883283  -0.000158667688
  0.000106628821  -0.000167455442  -0.000076780256
  0.008529821891   0.011816485594  -0.005362141252
  0.000214417377  -0.000467857709  -0.000009889460
 -0.004920328308   0.003116044379  -0.000069787204
  0.002267657352   0.000566174401  -0.000141147774
  0.000324089614   0.000079293938  -0.000268351660
  0.000056207725  -0.000064499742  -0.000066550722
 -0.000015994397  -0.000084600822  -0.000021218282
  0.000162077630   0.000175257411  -0.000059577180
 -0.001063671198  -0.000191995544   0.000293778617
 -0.000807502794  -0.001951277560   0.000161514399
 -0.005445157183  -0.000034044607   0.000619588109
  0.003302086039  -0.001432807040   0.000410238996
  0.000123060139   0.000106782374   0.000194704673
 -0.000089651184  -0.000202527977  -0.000082476110
 -0.000150093896  -0.000081202363  -0.000205231162
  0.000008732073   0.000162683869  -0.000218274567
  0.035802418554   0.019539754190   0.023817089648
  0.000464236272  -0.000173129421   0.000255344414
 -0.000883538066   0.000615241430  -0.000340524585
  0.000108907082  -0.000157401539   0.000400866065
  0.000480902959   0.000358394159   0.000996635402
  0.000020579453   0.000017989850   0.000506340791
 -0.000121717080   0.000009452504   0.000491497243
 -0.000013937484   0.000019649835   0.000804468138
  0.000499479346   0.011027587683   0.002491855717
 -0.000103947765  -0.000678483685  -0.001415303000
  0.000431791937   0.000545763678  -0.003206112460
  0.000194705428  -0.001022983362  -0.000955356894
 -0.000232994401  -0.000393869685  -0.000563421319
  0.000023338694  -0.000047933372  -0.000011479759
 -0.000073679525   0.000102844655   0.000204346870
  0.000002418114  -0.000029119597   0.000017905665
  0.099913463946   0.051676280741  -0.050495305177
  0.000133743121  -0.000220524593  -0.000711676541
 -0.000149795625   0.000324338109   0.000536965893
  0.000530749390  -0.000206341911  -0.001035264250
  0.001897846627   0.000756233705   0.003213930454
  0.000007994606  -0.000022707880  -0.000075104125
 -0.000056728569   0.000128359013  -0.000429824228
 -0.000038065585  -0.000031444040  -0.000103803544
  0.003181847439   0.006439969638  -0.005083412618
  0.000401866459  -0.000543329578   0.000585818332
 -0.001013883372   0.000488740581   0.001380877159
  0.000035722114  -0.000997789210   0.000309934600
  0.000127189930   0.000010453193   0.001053452285
  0.000019880900   0.000005759760   0.000809072256
 -0.000138174242   0.000044350188   0.001129000593
 -0.000044723052  -0.000013025148   0.000625073919
  0.121831726852   0.072376110014   0.005177332322
  0.000049087268  -0.000570360109   0.000016175338
 -0.004572615496   0.001555918370   0.000170212548
 -0.002515276166  -0.000410786726  -0.000147237929
  0.000496321488   0.000156019191   0.000127506874
  0.000110314660  -0.000072006413  -0.000139013062
 -0.000199509717   0.000039830332  -0.000234427058
 -0.000100812025  -0.000081104388  -0.000081562945
  0.077159044028  -0.050078072386   0.003910210041
 -0.000100276645  -0.000097832948   0.000073681383
 -0.006241989559   0.000309657559  -0.000037871984
 -0.001709459624  -0.000454973587   0.000187047367
  0.000339459118   0.000044068706  -0.001064479907
  0.000091214981  -0.000038849452  -0.000090811530
 -0.000181905677   0.000061804958   0.000016398997
 -0.000087376279  -0.000067199121  -0.000141214127
    1    2  0.0000  0.0150  0.0000
 -0.152256123385  -0.343627465219   0.002713089202
 -0.000134529412   0.002015035177  -0.000375562838
  0.002658198285  -0.000124262891   0.000323916298
 -0.000758051449   0.001245793391  -0.000103088210
 -0.000701915769  -0.001905485209  -0.000097681160
 -0.000038806805   0.000148041936   0.000182256078
  0.000090252012   0.000167052300   0.000220646463
 -0.000081793669  -0.000003761700   0.000172654276
  0.021797388220   0.048863781264  -0.001968998783
  0.000423480454  -0.000528056184  -0.000342334770
  0.004262500845   0.002688692568   0.000095638544
  0.000821918374  -0.000662414616  -0.000045417088
 -0.000283766640   0.000117143329   0.000152466025
  0.000195558674   0.000103347847   0.000167306047
  0.000321539627   0.000005661405   0.000157270250
  0.000121750665  -0.000012289068   0.000218570196
  0.010258133259  -0.025431113052  -0.007775511684
  0.000823049869   0.001646705615   0.000022943435
  0.000191243064  -0.006145670733  -0.000912034579
  0.001905939198   0.001623671010  -0.000352243578
  0.000130006667   0.000010363390  -0.000506834841
  0.000079278712   0.000017985874   0.000198433421
  0.000367294103  -0.000287014691   0.000256181384
  0.000041647594   0.000156087538   0.000169823312
 -0.008936971083   0.005118219060   0.000608002742
 -0.000213821519  -0.003966223488  -0.000504475387
  0.014172851742   0.005142990705   0.001085601960
 -0.001127032307  -0.003974856527  -0.000707145292
  0.000243503483  -0.000265911498   0.000282351781
 -0.000197072973   0.000002252433   0.000201316687
 -0.000216428126  -0.000273635838   0.000116978790
 -0.000157722953  -0.000000789778   0.000212580264
  0.048159467318   0.107685933772   0.004496634381
  0.000811718996   0.000868807529  -0.000530958301
  0.000274999288  -0.000775714463   0.000144091619
  0.001254480514  -0.001686062056  -0.000216957501
  0.000617247018   0.000585143735  -0.000418117720
 -0.000203062079   0.000226784607   0.000336773063
 -0.000108993336   0.000102944812   0.000239857690
 -0.000002816835   0.000003178399   0.000259271302
 -0.010239144623  -0.004373421237  -0.000755832111
 -0.004167252260   0.015078299374  -0.001220296615
 -0.001324641330   0.001431450247  -0.000498945575
 -0.001509648769   0.000736558859  -0.000324057947
  0.000052704010   0.000084909160   0.000488097149
 -0.000030867141   0.000084058370   0.000270170989
  0.000054739122  -0.000143827484   0.000259881779
  0.000062539469  -0.000126132800   0.000307186095
  0.000427920187   0.019359265750   0.004518781068
 -0.001949371741  -0.002061534710  -0.000297544773
 -0.001574365689  -0.000659204555  -0.000554531905
 -0.002808503140   0.001709738120  -0.000550962717
  0.000022329270   0.000568954490   0.000830951829
  0.000015551716  -0.000000829757   0.000264122289
 -0.000061015393   0.000028668876   0.000269523923
  0.000180438330   0.000256342715   0.000287050932
  0.007565090738   0.003597055246   0.001039750723
  0.000289662412   0.001165165735   0.000035532573
 -0.003582741719   0.003466512995  -0.000502793194
  0.004682126533  -0.001099684646  -0.001529826779
 -0.000074082101   0.000075694841   0.000669210444
 -0.000106506019  -0.000168228434   0.000233830910
 -0.000126256747  -0.000131543939   0.000244584718
 -0.000072095177  -0.000017253550   0.000254438146
  0.019315089325   0.019969451688   0.006684758783
  0.000255205025  -0.000640673291  -0.001828363666
 -0.000589106632   0.000130453156  -0.001334088177
  0.000042191032  -0.000140631600  -0.001424137599
  0.000150130059   0.000156364071  -0.002068655560
 -0.000003626145  -0.000015179103  -0.001690143730
 -0.000095723210   0.000026437473  -0.001758454033
 -0.000019140229  -0.000019523974  -0.001550626752
  0.014899447204   0.010100854461   0.003988124514
  0.001221772571  -0.000128453378   0.003643725976
 -0.000226289336   0.001212893502   0.002426902194
  0.000886564819   0.000661383281   0.003792699674
 -0.000206905367  -0.000768412854  -0.000625396041
  0.000009383766   0.000028031472   0.000030249252
 -0.000008636912  -0.000021446834   0.000170374141
 -0.000074654426  -0.000113127689  -0.000155257553
  0.046582255730   0.020303957715  -0.015432164280
 -0.000204685690  -0.000063469666   0.003924560102
  0.000048159046  -0.000239272396   0.003038157475
  0.000166531975  -0.000076860229   0.003194320537
  0.000935012334  -0.000212334121   0.000815744735
 -0.000013305363   0.000029967504  -0.000152386737
 -0.000085372249   0.000048068830  -0.000076501254
 -0.000021531367  -0.000000356994  -0.000072195741
  0.007519028577   0.007664228991  -0.002605535508
  0.001352977409  -0.000921681419  -0.001733240202
  0.000047147980   0.001068532985  -0.000658272473
  0.000982938395   0.000771934978  -0.001638971491
 -0.000127268842  -0.000058178086  -0.001803892132
  0.000010244527  -0.000035953227  -0.001656960774
 -0.000077665920  -0.000012335077  -0.001499829848
  0.000004059580   0.000000554507  -0.001774451035
  0.072901190856   0.055784740265   0.003771025581
 -0.001189426121   0.001818812862  -0.000601390005
 -0.002222477738   0.002574986655   0.000449823609
 -0.000008501908  -0.000725812448  -0.000230483641
  0.000271170896   0.000082294714   0.000440448999
  0.000038806579   0.000065380811   0.000318470094
  0.000001703810   0.000160073630   0.000182529583
 -0.000019362520   0.000043856026   0.000350104623
 -0.087698831232   0.055381448749   0.002267700577
  0.000336132489  -0.000565150091  -0.000182770764
 -0.003717360642  -0.001343029089  -0.000285839436
 -0.000975372821   0.000644542065  -0.000148549499
 -0.000583272122  -0.000006275778   0.000684405568
  0.000056256741  -0.000154840212   0.000300678451
 -0.000115403662  -0.000048762009   0.000336914940
 -0.000080629852  -0.000153395183   0.000261223101
    1    3  0.0000  0.0000  0.0150
  0.025698063729   0.002415015767  -0.116727486785
 -0.000031990431  -0.000423799315  -0.000012350646
  0.000603906224   0.000246677816   0.000216005974
  0.000238325619  -0.000175391547  -0.000676909906
  0.001406560551   0.000118080706  -0.002011728550
  0.000060224046  -0.000128357761  -0.000021662577
  0.000047911952  -0.000179814555  -0.000000505537
  0.000096006517  -0.000124085218   0.000003991009
  0.000944032552   0.002173930944  -0.006319054948
 -0.000325233032   0.000416460595   0.000356999456
  0.000848250555  -0.000033700822  -0.001506556489
 -0.000005655380   0.000096241483   0.000765018235
  0.000039741361   0.000126903962   0.000231061922
 -0.000062270170   0.000114735096  -0.000032004206
 -0.000095087951   0.000109512008  -0.000084043701
 -0.000031615292   0.000167558925  -0.000082277131
  0.003337247038  -0.007860543850  -0.015292831460
 -0.000189699717  -0.000038264447  -0.000005880185
  0.001488350664  -0.000948462895  -0.000733980183
 -0.000104415482  -0.000396652952  -0.000013282825
  0.000115652354   0.000543076223   0.002216825545
 -0.000077771345  -0.000150154414  -0.000036294880
 -0.000033086907  -0.000235636213  -0.000024913907
 -0.000088171229  -0.000118484545  -0.000077101739
  0.001564977958  -0.001091794008   0.011047137172
  0.000327100255   0.000776997354   0.000116536737
 -0.000070777166  -0.000637569541   0.011052173244
  0.000064710981   0.000574364101   0.000132217479
  0.000121383122   0.000099221715  -0.000097257073
  0.000047746606   0.000164319398  -0.000007643826
  0.000002333819   0.000221337123  -0.000082777846
  0.000034148283   0.000148501437  -0.000011779232
 -0.001563255024  -0.004126346999   0.001926525060
 -0.000532362629   0.000072320720   0.000191157647
 -0.000161884086   0.000002685595  -0.000527126772
  0.000075302299   0.000329675477  -0.000171151583
 -0.000220333761  -0.000763380451  -0.001628697283
 -0.000142533571   0.000101150074  -0.000032061196
 -0.000075304785   0.000043111715  -0.000050840879
 -0.000119006051   0.000049581480  -0.000027049716
 -0.000844471577   0.000531661079   0.003827244441
  0.000824578574   0.000135417793   0.001172761948
 -0.000059750007  -0.000166879834  -0.000620074370
  0.000215510090  -0.000413019188   0.000039559508
  0.000094793232   0.000043820152   0.000030926695
  0.000141521527   0.000044802267  -0.000019742694
  0.000137168217  -0.000053864100  -0.000127652148
  0.000155891765  -0.000032249093  -0.000017593164
 -0.002165088102   0.005013597481   0.001913738759
  0.000176569821   0.000362236214   0.000066237302
 -0.000080418840   0.000409420525  -0.000446948944
  0.001080202341  -0.000003599044  -0.002499996342
  0.000576974167  -0.000223810395   0.002061881835
  0.000128122868   0.000048415218  -0.000018872227
  0.000041011124   0.000026454218  -0.000052710148
  0.000108022164   0.000048126844  -0.000049952542
 -0.002282214852  -0.001662762190   0.001480789626
 -0.000201208505  -0.000415123097  -0.000334868983
  0.000034514403  -0.000415972511   0.000893643894
  0.000154043508   0.000793689113   0.003068502478
 -0.000080831112   0.000029677993  -0.000341893320
 -0.000098691220  -0.000072530467  -0.000023429390
 -0.000068644939  -0.000013526664   0.000006003629
 -0.000230322196  -0.000218849712  -0.000195119461
  0.008564823349   0.009144732938   0.045458600145
  0.000056613363  -0.000070667069   0.000141691394
  0.000353474558  -0.000197503063   0.000054138185
  0.000142921362   0.000244563433   0.000423756747
  0.002471595374   0.000746202601   0.002210361731
  0.000002282476   0.000044150228   0.000161979310
 -0.000032845772   0.000010129207   0.000344005795
 -0.000012307194   0.000032916660   0.000304602612
  0.012671078567   0.017456652660  -0.000163271717
 -0.000011929058  -0.000362661978  -0.000260554527
 -0.000621142766   0.000247989858  -0.000287255665
 -0.000155386465  -0.000955844149  -0.000450611923
  0.000269241115   0.000430798402  -0.001116355452
  0.000052859692  -0.000031556261  -0.000194913187
 -0.000012973143  -0.000091944066  -0.000180150691
  0.000032054503   0.000027727004  -0.000017251164
 -0.045585854445  -0.020715044362   0.035620633947
  0.000124065869   0.000100810099  -0.000284743993
 -0.000688064189   0.000219160630  -0.000319118662
 -0.000390466242  -0.000441411651  -0.000320465439
  0.010570407733   0.003087074425   0.007405754005
 -0.000003313996   0.000014614619  -0.000092043993
 -0.000026395178   0.000040953296  -0.000126972223
  0.000000502301  -0.000003777283  -0.000093753212
 -0.012678170266  -0.013235487392  -0.000995540080
 -0.000066111522   0.000681218981   0.000017489733
 -0.000542736902   0.000014613355  -0.000656537757
 -0.000245343298   0.000286327128  -0.000086771961
  0.000101268559   0.000150478433   0.000635435642
 -0.000006490941   0.000049102517   0.000247490820
 -0.000071894365   0.000005395366   0.000436208934
 -0.000035500133  -0.000037534404   0.000209807550
  0.000485706421  -0.000004148502   0.020398985664
 -0.000270475575  -0.000068109455   0.000052824466
 -0.000304845644   0.000969413767  -0.000685301664
 -0.000365406382   0.000074480344  -0.000092864940
 -0.000031061680   0.000135342386   0.000295291144
 -0.000025560217  -0.000012761339   0.000010581621
 -0.000004340760   0.000046214528  -0.000182026350
  0.000021181462  -0.000024160209  -0.000077214186
 -0.002846440386   0.006403760842   0.001153941776
  0.000206261065  -0.000165051970   0.000245041546
 -0.001121792496   0.000140926192   0.000425991385
 -0.000412051337  -0.000213792362   0.000243963446
 -0.000580135865   0.000382735149  -0.001439321150
  0.000017613445  -0.000032561759  -0.000053450298
  0.000018271934   0.000027451235  -0.000062974177
 -0.000001991852  -0.000026071798  -0.000031947989
   33    1  0.0150  0.0000  0.0000
  0.045169847698   0.048212429368  -0.001788091276
 -0.002017683831   0.000779613495  -0.000478932008
 -0.003356601949   0.000283211196  -0.000106923077
 -0.001111813828   0.001250993544   0.000131060473
 -0.000295313664   0.000637087578   0.000205158923
 -0.000174859890  -0.000180209144   0.000184473541
 -0.000135648071  -0.000104737391   0.000115083567
 -0.000012816231  -0.000002382902   0.000168005872
 -0.001100302588  -0.010279824113   0.000800466980
 -0.002983260315  -0.004107528004  -0.000719773318
 -0.001732765152  -0.001302638582   0.000097336892
  0.001279736163  -0.001491163144  -0.000155702038
  0.000022428278   0.000048266699   0.000093560041
 -0.000033531054  -0.000008851457   0.000189734889
 -0.000050051204   0.000059006093   0.000177146173
  0.000093150533   0.000068602898   0.000207569404
  0.008506491149  -0.000413110196   0.002157711235
  0.000173363658   0.001936434330  -0.000116897967
 -0.004992953285   0.001555594910   0.000122973717
  0.002254519632   0.002769322882  -0.001011597343
  0.000365921795  -0.000009713914   0.000561467950
  0.000039118500  -0.000024361169   0.000181406707
 -0.000024589218   0.000061247716   0.000099198973
  0.000146801796  -0.000167488436   0.000150998827
 -0.005396953131   0.003577384311   0.000080230003
  0.003450356069  -0.004606698125   0.000174457466
 -0.001064586957  -0.007507042220  -0.002278146440
 -0.000811841789  -0.000296613043  -0.000135375290
 -0.000134914762   0.000130200626   0.000111015488
  0.000025504861   0.000083455720   0.000289014703
  0.000137529483   0.000057306655   0.000080067233
 -0.000071118491   0.000098969233   0.000136423839
 -0.389545411897   0.220141135974   0.015982246590
  0.001945895825  -0.000872763341  -0.000353431365
  0.001879052553  -0.001418075439  -0.000292288511
  0.001030596266  -0.000326963935   0.000099055316
 -0.001146124816   0.000159142227  -0.000507831454
 -0.000084455149   0.000055967546   0.000241259737
 -0.000084984158   0.000059109087   0.000177077484
 -0.000196649589   0.000165211802   0.000255488946
 -0.000585820610   0.001270131200  -0.000541994047
  0.116060879932  -0.116453513286   0.001028693989
 -0.000335737934  -0.000156525076   0.000014533681
 -0.000192039533   0.002339008648  -0.000080876880
  0.000172732426  -0.000149081352   0.000102989577
  0.000314831712  -0.000273658769   0.000415229635
  0.000156138081  -0.000103816815   0.000260955448
  0.000124860095  -0.000136019146   0.000217341883
  0.100217891952  -0.008483282249   0.003806359302
 -0.000275505222   0.000079525963  -0.000061307309
 -0.000614611747  -0.000431129285  -0.000309740858
 -0.002134337534  -0.000091159473  -0.000436285302
  0.000651808816  -0.000147651023  -0.000791376717
  0.000177538915   0.000156844411   0.000250297506
  0.000160066540   0.000125435829   0.000205338323
  0.000108516409   0.000054581820   0.000239220535
  0.003521721011   0.001007155232  -0.000002702248
  0.011202323158  -0.008756247016  -0.000278816517
  0.003493093679  -0.000605702484  -0.000450773478
  0.011236152167   0.002429065917  -0.001093707955
 -0.000149435184  -0.000153694612   0.000203840522
 -0.000071856469  -0.000073662007   0.000252164680
 -0.000147586371  -0.000079663660   0.000143864865
 -0.000065365310  -0.000040794826   0.000265339392
  0.028165639792  -0.036197288182   0.013456988368
  0.000185315278  -0.000197591996  -0.001635330879
  0.000035549716  -0.000326938818  -0.001223211487
 -0.000650801821   0.000126453401  -0.001535635983
 -0.000101653378  -0.000283152071  -0.001072837272
  0.000014639814   0.000034862334  -0.001486810735
  0.000018454213   0.000002853500  -0.001038377930
 -0.000018950534   0.000031004198  -0.001381520614
  0.003142694702  -0.000481188254   0.000835109060
  0.001946356327   0.003512625018   0.003146362068
 -0.001010407649  -0.000491848462   0.003515721212
 -0.000443979329  -0.000904860774   0.003119001263
  0.000057212678  -0.000048659115   0.000056043359
  0.000134290090   0.000125214435  -0.000333401976
  0.000018975875  -0.000005961964  -0.000264853789
  0.000033597460  -0.000058870926  -0.000053066255
  0.047243018680  -0.084033908625  -0.026767899055
 -0.000220787666  -0.000166814532   0.003520743114
 -0.000038725111  -0.000142232346   0.002320972887
  0.000089469613  -0.000164140821   0.003111693909
 -0.000448869636  -0.001744658553   0.001454379293
  0.000009788222   0.000089640943  -0.000197332839
 -0.000008788672   0.000026714910  -0.000056600392
 -0.000000790383   0.000036758557  -0.000176381959
  0.001128135067   0.000096166680   0.000253098405
  0.000746912795   0.003204303204  -0.001834917239
 -0.000454669953  -0.000183364052  -0.001959808209
 -0.000722862984  -0.001048135326  -0.001700356171
 -0.000034382834  -0.000006569728  -0.001046886136
 -0.000015543613   0.000079060498  -0.001629049675
  0.000075010249   0.000052185111  -0.001019619509
  0.000011720009  -0.000014287532  -0.001273998432
  0.011355056935   0.014530502787   0.000658838323
 -0.004117279910   0.004342628301   0.000141184778
  0.001238930897  -0.002743016626  -0.000132156627
 -0.000001336510  -0.000214744297  -0.000479302872
  0.000059009757   0.000092991761   0.000175060361
 -0.000027752587   0.000131267002   0.000416578968
 -0.000058482380   0.000075111500   0.000214071139
 -0.000022404394   0.000078121204   0.000225826595
  0.014072472960  -0.017444743144  -0.007239319431
  0.001202757427  -0.000376369095  -0.000241454841
  0.002863544876  -0.000180821801  -0.000085518856
  0.001298857550   0.000740105299  -0.000144189870
  0.000231377089  -0.000155865144  -0.000064685024
  0.000015406474  -0.000064298913   0.000313191487
  0.000018825284  -0.000075186086   0.000201799272
 -0.000001892704  -0.000048730739   0.000254571282
   33    2  0.0000  0.0150  0.0000
  0.027168052967   0.107807601310  -0.004257418874
  0.000896081588   0.000897879605   0.000060993585
  0.000529536493  -0.000739965306  -0.000045922498
 -0.000730062480  -0.001642371644   0.000295249442
  0.000219160150   0.000584791877   0.000756046262
  0.000185734923   0.000214267261  -0.000128643415
 -0.000083872758   0.000089560197  -0.000056248859
 -0.000086953480  -0.000014582739  -0.000076560086
 -0.005173899873  -0.004541075457  -0.000595844630
 -0.003109046372   0.015150650447  -0.000194803513
 -0.000720512285   0.001433260459   0.000147584992
  0.000171292295   0.000684043439   0.000451857952
  0.000124690708   0.000102983537   0.000061419107
  0.000205255950   0.000109312651   0.000016958807
 -0.000051677416  -0.000134008892  -0.000066982690
 -0.000166284747  -0.000122083547  -0.000066797562
 -0.011785357122   0.019478939178   0.004913036905
  0.000491392938  -0.002045843115   0.000330576365
 -0.003137924297  -0.000592591390   0.000374775592
 -0.000558261099   0.001792549409  -0.000038419666
 -0.000059719622   0.000547578904   0.000270693086
  0.000082992574  -0.000019253706  -0.000079501122
  0.000103270365   0.000025629565  -0.000054996805
 -0.000186792704   0.000247694134  -0.000072162913
  0.000008042588   0.003474053294   0.000400078426
  0.001361783227  -0.001146556860  -0.000754095083
  0.000319725289   0.003465068082   0.001719630706
  0.001903078425   0.001109048814   0.000361236551
  0.000092405755  -0.000123475482  -0.000026677225
 -0.000173371203  -0.000009619445  -0.000257571469
 -0.000118920981   0.000116064546   0.000056150983
  0.000221292630  -0.000149922935  -0.000101530127
  0.219885497292  -0.471311421436  -0.022658787945
 -0.000896227382  -0.000127214673   0.000074933986
 -0.001325971990  -0.000366229304   0.000097602340
 -0.000315860718   0.000769080076  -0.000010165626
  0.000121029279  -0.000988916771   0.000812773744
  0.000053152351  -0.000063751430  -0.000131547528
  0.000042722020   0.000033457207  -0.000091187903
  0.000157084051  -0.000091756122  -0.000094398696
  0.001236962396   0.001990380284  -0.000145592874
 -0.116453960244   0.137700255116  -0.000889580094
 -0.000168740859   0.000233730891   0.000722178362
  0.002396950167   0.003133920590   0.000053441231
 -0.000150763549   0.000091645534  -0.000084061105
 -0.000278938580   0.000136303829  -0.000283312052
 -0.000086498790   0.000072735469  -0.000136192842
 -0.000131011661   0.000156705181  -0.000141600127
  0.008466307439   0.044425797842  -0.001415580432
 -0.000059644232  -0.000136081884   0.000228743132
  0.000376245474  -0.000127260132   0.000204582479
  0.000101924773   0.000052271146  -0.000182931282
  0.000213813593  -0.000330176212   0.000295306808
 -0.000135770542  -0.000095815927  -0.000100306249
 -0.000116720632  -0.000122692877  -0.000125457678
 -0.000040174511  -0.000068193951  -0.000106565435
  0.000655220750  -0.000146388619   0.000815143068
 -0.002405247288  -0.004275267997   0.000508333804
 -0.000938855250  -0.000120870831   0.000189809118
  0.008760708206  -0.004256574074   0.000339100151
  0.000085808609   0.000033193236  -0.000050983451
  0.000051484707   0.000031367474  -0.000165151325
  0.000153941313   0.000026665126  -0.000106736852
  0.000074671858   0.000021799109  -0.000078261115
 -0.040715392277   0.041795889369  -0.020370548739
 -0.000220100168   0.000173679241   0.001041788562
  0.000287618719   0.000278344140   0.000845267691
  0.000435401677  -0.000281629818   0.000813818523
  0.000050136649   0.000026090824   0.000133680253
 -0.000022080613  -0.000016395238   0.000721507193
  0.000005799202  -0.000032108240   0.000380908374
  0.000040657113  -0.000007529319   0.000654736778
  0.000210930787  -0.001922076414  -0.001972230143
  0.002264939450   0.002342549382  -0.000146259653
 -0.000158994642   0.000048431075  -0.002368285599
 -0.000221647536  -0.001326299565  -0.001337856382
 -0.000027474361   0.000044867716  -0.000003628909
  0.000145063671   0.000133164879   0.000308296943
 -0.000025213540   0.000104274809   0.000104493074
  0.000058527972  -0.000035302233   0.000062110352
 -0.084270077523   0.085036937185   0.041290603450
 -0.000651693960   0.000231195533  -0.001989422707
  0.000007163653   0.000012963984  -0.001471167963
  0.001090150921  -0.000408226531  -0.001502808758
 -0.000872516930   0.000477606045  -0.002109132036
 -0.000040236596  -0.000064725998   0.000137173035
 -0.000016032967  -0.000050733003   0.000200357609
  0.000051095095  -0.000022620583   0.000124663507
 -0.000999820730  -0.002242674621   0.001375948997
  0.001941600746   0.000219725950   0.000286254224
  0.000767803582  -0.001277248510   0.001157986235
 -0.000117596989  -0.000532996150   0.000270600774
 -0.000021666451  -0.000016946270   0.000155690110
  0.000064753191  -0.000028287108   0.000749596338
  0.000057020938   0.000018886094   0.000252281981
 -0.000000137541   0.000023661055   0.000791046860
  0.009950529335   0.006891333142   0.000900607406
 -0.000960949342   0.002573915083  -0.000217049109
 -0.000475572262   0.001136187678  -0.000235411058
 -0.000202759593  -0.000142064845   0.000117903958
  0.000009274995  -0.000007089999  -0.000089556549
  0.000036185843  -0.000076817680  -0.000263339037
  0.000017869241  -0.000008659981   0.000007518812
  0.000039435066  -0.000035409216  -0.000147760393
 -0.014777803054   0.016646708935   0.000725027383
 -0.002386088124  -0.001480161906   0.000271008774
  0.000895138090  -0.000075223263   0.000024923487
  0.001548562943  -0.000552940237   0.000222065909
 -0.000107770979  -0.000007936116  -0.000223225700
 -0.000067873874   0.000038457330  -0.000161258793
  0.000042155411   0.000035003966  -0.000074282244
  0.000071415294   0.000031907369  -0.000130302662
   33    3  0.0000  0.0000  0.0150
  0.001495564241   0.004674327878   0.001943594194
 -0.000204456518  -0.000524422541   0.000197839526
  0.000373962895   0.000120540847  -0.000519067087
  0.000190769091  -0.000227156226  -0.000175231167
  0.000699187182   0.000428300268  -0.001592449784
  0.000018248283  -0.000348625099  -0.000010190533
  0.000072841751  -0.000250037973  -0.000031323548
  0.000157443967  -0.000270109549  -0.000010424081
 -0.001651840031   0.000693263383   0.003806773265
  0.000253308147   0.001224322283   0.001188995213
  0.000166642725   0.000491017271  -0.000613263741
 -0.000065383205   0.000340513826   0.000043526091
  0.000030792464   0.000499274697   0.000069096658
 -0.000204988174   0.000278621124  -0.000009604990
 -0.000172257837   0.000276820105  -0.000103637780
 -0.000096372834   0.000318023037  -0.000001420845
  0.005498900020   0.004492696000   0.001845360578
  0.000023633441  -0.000304549741   0.000072571438
  0.000092444413  -0.000575478742  -0.000452609758
  0.000169589729  -0.000547181839  -0.002500816812
 -0.000248344746  -0.000818615506   0.002093773002
 -0.000096478891  -0.000276714685  -0.000000006706
 -0.000039914888  -0.000291605765  -0.000034374168
 -0.000092182311  -0.000291150469  -0.000032516910
  0.000621865975   0.000523787175   0.000888917191
  0.000368632133   0.001559937027   0.003072705222
  0.000289041311  -0.001019952180   0.001475551519
  0.000102350999  -0.000036761030  -0.000350351790
  0.000221566107   0.000261868591   0.000030090185
  0.000228125689   0.000254578656  -0.000185760359
 -0.000176019768   0.000674052278  -0.000311656350
  0.000119230440   0.000249674157  -0.000009864019
  0.015927567052  -0.022870863465  -0.139925361543
 -0.000381253697   0.000108611815  -0.000275194011
 -0.000315221898   0.000120992100   0.000562461786
  0.000044327661   0.000045977296  -0.000362412330
  0.000512991769  -0.000835106120  -0.002149118556
 -0.000235129352   0.000115846832   0.000033524913
 -0.000176475632   0.000078833451  -0.000054509681
 -0.000240412089   0.000079588158   0.000053110108
  0.000570116238   0.000150251132   0.000593032012
 -0.001090519962   0.000930554826   0.031117412485
 -0.000024945949  -0.000687499973   0.000880195907
  0.000123152180  -0.000114434578  -0.000274173940
  0.000096260304  -0.000077478971  -0.000163273811
  0.000393797173  -0.000262544494   0.000448063441
  0.000252862157  -0.000122830282  -0.000209352653
  0.000208826152  -0.000133807686   0.000056790601
 -0.003655470332  -0.001424003685   0.014402622569
  0.000094600865   0.000248729629  -0.000292084487
  0.000342150595   0.000219202358   0.001089983071
  0.000479032007  -0.000142101760  -0.000711641214
 -0.000784741340  -0.000294333083  -0.001959860775
  0.000238523721   0.000086567204  -0.000010821087
  0.000191210606   0.000111867276  -0.000061463366
  0.000233349171   0.000091755286   0.000010780025
 -0.000452496408  -0.000199330270   0.001632273026
 -0.001077638479  -0.000362893538   0.000748020668
  0.000026814628  -0.000809839412   0.001633546149
 -0.000339363158  -0.000572264039   0.000725821709
 -0.000140348710  -0.000098126136  -0.000099650973
 -0.000259197812  -0.000066099299  -0.000010709394
 -0.000191761444  -0.000035218543  -0.000091368439
 -0.000231717561  -0.000151787045  -0.000004540195
  0.020490732671  -0.017780610598   0.048616112556
  0.000071924473   0.000055472127   0.000160660623
 -0.000020339637   0.000110415343   0.000220682347
  0.000153492219  -0.000232448486   0.000461908484
  0.001350845555  -0.002818118164   0.002592113034
  0.000016750280   0.000092875047   0.000189293253
 -0.000022323927   0.000024522397   0.000518261897
 -0.000027246800   0.000109864814   0.000279373739
  0.001534721846   0.001910200811  -0.000393879354
  0.008731755849  -0.010419926725   0.000289964669
 -0.001019869319   0.001584459439  -0.000454817342
 -0.000231104628  -0.000115416458  -0.000157382244
 -0.000043209100  -0.000079357176  -0.000268121245
  0.000534070754  -0.000635901586  -0.000976441291
  0.000015556690  -0.000133430144   0.000015748336
 -0.000034238468  -0.000043831340  -0.000235708112
 -0.041106435275   0.046230534048   0.035979596314
  0.000023888030   0.000135119751  -0.000241818900
 -0.000208267049  -0.000138042975  -0.000564518323
 -0.000808516746   0.000907477752  -0.000525438007
  0.005470645122  -0.008090830089   0.007240272765
  0.000025624599   0.000018563962  -0.000171271722
 -0.000012300418   0.000051005944  -0.000118702168
 -0.000014899000   0.000005271815  -0.000166660390
 -0.001412618255  -0.001397234255  -0.000003419853
 -0.007295885779   0.008730350075  -0.004130020810
 -0.000863240772  -0.000488176443   0.000176626382
  0.000404333653   0.000322852966   0.000028676530
 -0.000045669787  -0.000008137753   0.000622406154
  0.000138327955  -0.000219006730   0.000423977766
 -0.000020207737  -0.000060324801   0.000634804540
  0.000042601260  -0.000014048792   0.000251070689
 -0.000040756717  -0.000625809590  -0.000839748448
 -0.001147766771   0.000146719546   0.001504655078
 -0.000230745675   0.001166684715  -0.001575140614
  0.000196999173   0.000150125606   0.000500030821
 -0.000070185042  -0.000042846846   0.000020702254
 -0.000024912885  -0.000053787591  -0.000210534271
  0.000090156818   0.000034207803  -0.000177639590
  0.000024912539  -0.000021808022  -0.000041315438
 -0.002997052252  -0.003355863248  -0.009140098486
  0.000067672648  -0.000090464869   0.000959263883
 -0.000413520238  -0.000086961964  -0.000600381889
 -0.000120624787   0.000234323156  -0.000186127302
  0.000600496942   0.000188891595   0.002511844871
  0.000024736003  -0.000005850441  -0.000011446735
 -0.000028031838   0.000047211451  -0.000072892858
 -0.000035066436  -0.000006387316  -0.000050847262
   65    1  0.0150  0.0000  0.0000
  0.035811163960   0.019080339070   0.008394648756
  0.000480322212   0.000204596123   0.000071909634
 -0.000883783761  -0.000659250456   0.000334987574
  0.000137659222  -0.000011907387   0.000132598546
  0.001897669665   0.000995950190  -0.010627564637
  0.000004465134   0.000035916627  -0.000009846394
 -0.000070133200  -0.000047672554   0.000025226946
 -0.000037596125   0.000033660114  -0.000005512798
  0.003209598291   0.007562639047   0.012697797396
  0.000370313269   0.001448023082   0.000046486622
 -0.001027662102   0.000130316137   0.000534765680
  0.000056596644   0.001052961856   0.000257568545
 -0.000219875027  -0.000266875723   0.000252975697
  0.000024949910  -0.000034276622   0.000046129046
 -0.000064536224  -0.000052847663  -0.000019938370
  0.000020705498  -0.000121191008   0.000030853192
  0.035712481514  -0.019186946104  -0.008389934938
  0.000447223646  -0.000313821498  -0.000063947859
 -0.000909800521   0.000544171075  -0.000322994405
  0.000111287407  -0.000097014653  -0.000122496624
  0.001974523895  -0.000888124502   0.010607166144
  0.000020180172   0.000056562721  -0.000007263541
 -0.000049119040   0.000137032877  -0.000034728163
 -0.000028784101   0.000068169652  -0.000008631580
 -0.000992756330  -0.000019429620  -0.000521087472
  0.000066467704  -0.000948921785  -0.000240669258
  0.003227587306  -0.007449783078  -0.012671029679
  0.000392050553  -0.001325707272  -0.000056183118
 -0.000083861393  -0.000039973964   0.000014790926
 -0.000003123858   0.000023791293  -0.000050062270
 -0.000232996410   0.000159859789  -0.000264117958
  0.000022068464  -0.000067546438  -0.000059751767
  0.028049316870  -0.040548892849   0.020172981340
  0.000143282267  -0.000209760725   0.000073139846
 -0.000014279013   0.000317667543  -0.000020281113
 -0.000697758133   0.000454043868   0.000148391184
 -0.000407484549  -0.000914581832  -0.005484370518
  0.000060405014  -0.000074712457  -0.000029240236
  0.000041067342  -0.000044128427   0.000009341359
  0.000039079280   0.000024039782   0.000017118294
  0.001114608412  -0.001073485483   0.001441722615
  0.000793848919   0.001913959165   0.007124637823
 -0.000411602136   0.000733903380   0.000880907742
 -0.000698281769  -0.000176170906  -0.000398036955
  0.000009742611  -0.000010272470  -0.000047337904
  0.000081874164   0.000182996151   0.000534162715
 -0.000020093021  -0.000012323851   0.000020331846
 -0.000010480107   0.000077718002  -0.000036749246
  0.028076004796   0.040491633235  -0.020606791854
  0.000232913415   0.000249653663  -0.000063223937
  0.000085014362  -0.000263121606   0.000029133822
 -0.000599212238  -0.000401447993  -0.000141851599
 -0.000496544396   0.000891624294   0.005457826961
 -0.000026117313   0.000025109329   0.000023171443
 -0.000055051683  -0.000006546460  -0.000018678574
 -0.000048969533  -0.000078556865  -0.000019665902
 -0.000491376893  -0.000761334173  -0.000872422116
 -0.000789210106   0.000129756037   0.000396664087
  0.001031203712   0.001025928630  -0.001434739245
  0.000689145689  -0.001982812683  -0.007317686376
  0.000061657381   0.000055298728  -0.000021072055
  0.000080623040  -0.000022450939   0.000028702378
  0.000100340475   0.000059992480   0.000042163815
  0.000184182446  -0.000117636843  -0.000530922154
 -0.152487495482  -0.000160980323   0.000045021262
 -0.000201306909  -0.000002402171   0.000000161420
  0.000333263096  -0.000003089212   0.000000487958
  0.000655096845  -0.000006363978   0.000010477192
  0.008102118196  -0.000001760519   0.000039532313
  0.000001928517  -0.000010626945  -0.000011207950
  0.000055910715  -0.000008584520  -0.000009509406
  0.000013734451  -0.000007943985  -0.000012759898
  0.001371469279   0.002918163591   0.000464896537
  0.001513773827  -0.000846069639   0.000012095527
  0.001384543402  -0.002948141857  -0.000438153968
  0.001490247893   0.000778819736   0.000001962477
  0.000057177178  -0.000088550774   0.000543429850
 -0.000021782983   0.000006478124   0.000144576440
  0.000054628052   0.000078771992  -0.000495231204
 -0.000018001802  -0.000009059879  -0.000116221431
 -0.019783276504   0.000210391683   0.000084100579
 -0.000135424810   0.000009285785   0.000003941796
  0.000287823670   0.000008824165  -0.000003347255
  0.000467886349   0.000006553312  -0.000002204658
  0.000199643247   0.000014261083   0.000022609857
  0.000011075747   0.000004263136   0.000014842289
  0.000043074374   0.000008053562   0.000019409636
 -0.000034884183   0.000003849925   0.000016557084
  0.001105322858   0.000468172656  -0.000548862886
  0.000112429391  -0.000547013829  -0.000346561398
  0.001100334813  -0.000445576512   0.000548859153
  0.000131044277   0.000586212115   0.000399411364
 -0.000220651400  -0.000299392362   0.000195801662
 -0.000047577425   0.000146322214  -0.000080708939
 -0.000222697552   0.000323310904  -0.000201096427
 -0.000048638973  -0.000134847898   0.000067460135
 -0.001794285887   0.001462682101   0.003910736290
  0.000015378351   0.000260691538   0.000016620112
 -0.001796363016  -0.001451331649  -0.003872648076
  0.000010097096  -0.000241275662   0.000034685300
 -0.000292973936  -0.000398413392   0.000350329244
 -0.000075173479   0.000010138389  -0.000036553855
 -0.000281817654   0.000395942698  -0.000329725760
 -0.000079722196  -0.000016003370   0.000038664857
  0.024135350700   0.000008417743   0.000125679338
 -0.000877260707  -0.000005595761   0.000007054788
  0.000361389937  -0.000004582844   0.000018825832
 -0.000127885050  -0.000005957451   0.000013842640
  0.000046823295  -0.000030275717   0.000005453949
 -0.000037049115   0.000010071479   0.000006615981
  0.000010707924   0.000006627924   0.000006758296
  0.000020859901   0.000009747341   0.000004420595
   65    2  0.0000  0.0150  0.0000
  0.019554885367   0.019972834725   0.009125731832
 -0.000158255850  -0.000658443550  -0.000089765451
  0.000645268709   0.000135818283  -0.000188574319
 -0.000154613058  -0.000140309075   0.000228405815
  0.000747843686  -0.000168213805  -0.003095056166
 -0.000033344477   0.000033197942  -0.000010882618
  0.000123171862   0.000067026551  -0.000039334142
 -0.000040601022   0.000003611437   0.000006164701
  0.006464197230   0.007762432353   0.013155157050
 -0.000516662492  -0.000966187497  -0.000696384355
  0.000472627471   0.001076208083  -0.000016184222
 -0.000977285443   0.000793613481  -0.000258230796
 -0.000393440043  -0.000778485447   0.000433894704
 -0.000035098417   0.000020552531  -0.000035790913
  0.000122379670  -0.000024878621  -0.000081299105
 -0.000012849893  -0.000115073720   0.000024171285
 -0.019554885367   0.019972834725   0.009125731832
  0.000158255850  -0.000658443550  -0.000089765451
 -0.000645268709   0.000135818283  -0.000188574319
  0.000154613058  -0.000140309075   0.000228405815
 -0.000747843686  -0.000168213805  -0.003095056166
  0.000033344477   0.000033197942  -0.000010882618
 -0.000123171862   0.000067026551  -0.000039334142
  0.000040601022   0.000003611437   0.000006164701
 -0.000472627471   0.001076208083  -0.000016184222
  0.000977285443   0.000793613481  -0.000258230796
 -0.006464197230   0.007762432353   0.013155157050
  0.000516662492  -0.000966187497  -0.000696384355
 -0.000122379670  -0.000024878621  -0.000081299105
  0.000012849893  -0.000115073720   0.000024171285
  0.000393440043  -0.000778485447   0.000433894704
  0.000035098417   0.000020552531  -0.000035790913
 -0.036244169993   0.041732095909  -0.017818654395
 -0.000220243006   0.000166449657   0.000055572135
 -0.000340777427   0.000252217490   0.000100046790
  0.000111965732  -0.000269748328  -0.000223941449
 -0.001764953941   0.000482903906   0.008142405660
  0.000078435570  -0.000054606609  -0.000017981653
  0.000019914847  -0.000039260722  -0.000049558543
  0.000027325957  -0.000013022171  -0.000006755639
  0.000082374507  -0.002269430477   0.001424144546
  0.003156686743   0.000250971228  -0.008766041572
 -0.000191838488  -0.001261088342   0.000486973879
 -0.001070577199  -0.000515982324  -0.000339606786
 -0.000058820333   0.000037417487  -0.000073178444
  0.000130962625   0.000119422396  -0.000627457615
 -0.000010403002   0.000098995431  -0.000138140889
 -0.000054856158  -0.000035061333  -0.000043126864
  0.036244169993   0.041732095909  -0.017818654395
  0.000220243006   0.000166449657   0.000055572135
  0.000340777427   0.000252217490   0.000100046790
 -0.000111965732  -0.000269748328  -0.000223941449
  0.001764953941   0.000482903906   0.008142405660
 -0.000078435570  -0.000054606609  -0.000017981653
 -0.000019914847  -0.000039260722  -0.000049558543
 -0.000027325957  -0.000013022171  -0.000006755639
  0.000191838488  -0.001261088342   0.000486973879
  0.001070577199  -0.000515982324  -0.000339606786
 -0.000082374507  -0.002269430477   0.001424144546
 -0.003156686743   0.000250971228  -0.008766041572
  0.000010403002   0.000098995431  -0.000138140889
  0.000054856158  -0.000035061333  -0.000043126864
  0.000058820333   0.000037417487  -0.000073178444
 -0.000130962625   0.000119422396  -0.000627457615
  0.000000000000  -0.157256415257   0.023190340777
  0.000000000000   0.000423882794   0.000167927047
  0.000000000000  -0.000473407266   0.000190311948
  0.000000000000   0.001011567045   0.000070969242
  0.000000000000   0.009691147395  -0.000505440659
  0.000000000000  -0.000027682573   0.000142809456
  0.000000000000   0.000019021473   0.000373454605
  0.000000000000  -0.000037661116   0.000077441845
  0.003477814875   0.004485068864   0.000341979672
 -0.000987172738   0.002120510140   0.000198005709
 -0.003477814875   0.004485068864   0.000341979672
  0.000987172738   0.002120510140   0.000198005709
 -0.000082637743   0.000072936603   0.000366771421
  0.000002406029  -0.000028612748  -0.000264199870
  0.000082637743   0.000072936603   0.000366771421
 -0.000002406029  -0.000028612748  -0.000264199870
  0.000000000000  -0.027572332460  -0.006837270508
  0.000000000000  -0.000069798573  -0.000237222802
  0.000000000000  -0.000011315362  -0.000498339336
  0.000000000000  -0.000029930815  -0.000172574723
  0.000000000000   0.001019545240   0.001651510692
  0.000000000000   0.000003051425  -0.000033804545
  0.000000000000   0.000014594272   0.000019763518
  0.000000000000  -0.000087519274  -0.000034953189
  0.000471710430  -0.000827055988  -0.000495377622
 -0.000588780252   0.000276128919   0.000522817350
 -0.000471710430  -0.000827055988  -0.000495377622
  0.000588780252   0.000276128919   0.000522817350
 -0.000154106284  -0.000112105799   0.000568380379
  0.000156719860  -0.000111399335   0.000081135571
  0.000154106284  -0.000112105799   0.000568380379
 -0.000156719860  -0.000111399335   0.000081135571
 -0.002444190651   0.003146923328   0.000526664755
 -0.001183656638   0.000418502610   0.000526429570
  0.002444190651   0.003146923328   0.000526664755
  0.001183656638   0.000418502610   0.000526429570
  0.000055151786  -0.000031358082   0.000115340319
  0.000097822670  -0.000005225332   0.000048274992
 -0.000055151786  -0.000031358082   0.000115340319
 -0.000097822670  -0.000005225332   0.000048274992
  0.000000000000   0.022058881819  -0.011884588174
  0.000000000000   0.000534653445  -0.000228103319
  0.000000000000  -0.000157727060   0.000059820026
  0.000000000000   0.000147479778  -0.000298011364
  0.000000000000   0.000581965284  -0.011348026171
  0.000000000000   0.000021311526  -0.000015231890
  0.000000000000  -0.000036239665  -0.000043605839
  0.000000000000   0.000032347837  -0.000013066052
   65    3  0.0000  0.0000  0.0150
  0.023844430071   0.006509873404   0.045475756808
  0.000267983140  -0.001882155148   0.000152366460
 -0.000294120406  -0.001405581114   0.000068222449
  0.000433321571  -0.001467869307   0.000427315314
 -0.003296793637  -0.000864551238   0.007465859898
  0.000064068225   0.000145450665  -0.000111516756
  0.000437522421   0.000065704791  -0.000151637760
  0.000094994560   0.000063759628  -0.000104113793
  0.005037820778   0.002578450895  -0.000877729890
 -0.000562235738   0.001844585040   0.000016830304
 -0.001330364475   0.000811232774  -0.000611758477
 -0.000246665701   0.001736518838  -0.000058602828
 -0.000582199711  -0.000588863373  -0.001080780807
  0.000002951713   0.000054767044  -0.000222772561
  0.000223553753   0.000189010601  -0.000219609731
  0.000033687637  -0.000141472489  -0.000057863799
 -0.023844430071   0.006509873404   0.045475756808
 -0.000267983140  -0.001882155148   0.000152366460
  0.000294120406  -0.001405581114   0.000068222449
 -0.000433321571  -0.001467869307   0.000427315314
  0.003296793637  -0.000864551238   0.007465859898
 -0.000064068225   0.000145450665  -0.000111516756
 -0.000437522421   0.000065704791  -0.000151637760
 -0.000094994560   0.000063759628  -0.000104113793
  0.001330364475   0.000811232774  -0.000611758477
  0.000246665701   0.001736518838  -0.000058602828
 -0.005037820778   0.002578450895  -0.000877729890
  0.000562235738   0.001844585040   0.000016830304
 -0.000223553753   0.000189010601  -0.000219609731
 -0.000033687637  -0.000141472489  -0.000057863799
  0.000582199711  -0.000588863373  -0.001080780807
 -0.000002951713   0.000054767044  -0.000222772561
  0.013434206357  -0.020255151894   0.048642171289
 -0.001708482160   0.001053948530   0.000165436712
 -0.001254057478   0.000896503815   0.000239648606
 -0.001592519988   0.000829180593   0.000441706734
 -0.001497835151   0.002101051090   0.007194605951
  0.000179908527  -0.000116239466  -0.000187803539
  0.000055019089  -0.000182988227  -0.000145369422
  0.000161219685  -0.000107041453  -0.000171837107
 -0.000180333284  -0.001432342772   0.000053223917
  0.001984094267  -0.000350540693  -0.004072540573
  0.002033340108  -0.001218313327   0.000239950728
  0.001822431546  -0.000274325800   0.000044370536
  0.000064294778  -0.000016824780  -0.000287648210
 -0.000308784005   0.000257958060  -0.000998750357
 -0.000239930424   0.000102896039  -0.000014233218
 -0.000032491773   0.000064486499  -0.000250489640
 -0.013434206357  -0.020255151894   0.048642171289
  0.001708482160   0.001053948530   0.000165436712
  0.001254057478   0.000896503815   0.000239648606
  0.001592519988   0.000829180593   0.000441706734
  0.001497835151   0.002101051090   0.007194605951
 -0.000179908527  -0.000116239466  -0.000187803539
 -0.000055019089  -0.000182988227  -0.000145369422
 -0.000161219685  -0.000107041453  -0.000171837107
 -0.002033340108  -0.001218313327   0.000239950728
 -0.001822431546  -0.000274325800   0.000044370536
  0.000180333284  -0.001432342772   0.000053223917
 -0.001984094267  -0.000350540693  -0.004072540573
  0.000239930424   0.000102896039  -0.000014233218
  0.000032491773   0.000064486499  -0.000250489640
 -0.000064294778  -0.000016824780  -0.000287648210
  0.000308784005   0.000257958060  -0.000998750357
 -0.000000000000   0.022750198495  -0.513793493153
 -0.000000000000   0.000178637315   0.000662622744
 -0.000000000000   0.000217252305   0.000338090179
 -0.000000000000   0.000062413108   0.000322321409
 -0.000000000000   0.000159310161  -0.008491288294
 -0.000000000000  -0.000072951891   0.001163278307
 -0.000000000000  -0.000009607790   0.001324926009
 -0.000000000000  -0.000049897564   0.001203807036
 -0.001637782061  -0.001741484396  -0.002068192238
 -0.000604698649   0.000763587217  -0.001389012191
  0.001637782061  -0.001741484396  -0.002068192238
  0.000604698649   0.000763587217  -0.001389012191
  0.000518749742   0.000364951438   0.000190582103
  0.000135078074  -0.000248373398   0.000024158775
 -0.000518749742   0.000364951438   0.000190582103
 -0.000135078074  -0.000248373398   0.000024158775
 -0.000000000000   0.002753519396   0.093518883879
 -0.000000000000   0.000017501444  -0.001892415438
 -0.000000000000   0.000151802766  -0.001644048950
 -0.000000000000   0.000080202570  -0.001851604754
 -0.000000000000  -0.001745564447   0.201433162235
 -0.000000000000   0.000030296086  -0.000081368783
 -0.000000000000  -0.000000539248  -0.000214318663
 -0.000000000000   0.000030427529  -0.000081210641
  0.000551398691   0.000497688537  -0.000772095527
  0.000407313150  -0.000559216162   0.000157766897
 -0.000551398691   0.000497688537  -0.000772095527
 -0.000407313150  -0.000559216162   0.000157766897
  0.000376412978   0.000405533839   0.001646574662
  0.000098647887  -0.000148436053   0.001165787992
 -0.000376412978   0.000405533839   0.001646574662
 -0.000098647887  -0.000148436053   0.001165787992
 -0.002524426509  -0.000409100434  -0.002762701128
 -0.000573167085   0.000923109676   0.000235945643
  0.002524426509  -0.000409100434  -0.002762701128
  0.000573167085   0.000923109676   0.000235945643
  0.000386281123   0.000335954787  -0.000588415223
  0.000217617519  -0.000140426015  -0.000060209931
 -0.000386281123   0.000335954787  -0.000588415223
 -0.000217617519  -0.000140426015  -0.000060209931
 -0.000000000000  -0.000284730306   0.028309441666
 -0.000000000000   0.000001577430   0.000040787666
 -0.000000000000  -0.000345643900   0.000150877869
 -0.000000000000  -0.000082518749   0.000299065368
 -0.000000000000  -0.002211418656   0.006180827472
 -0.000000000000   0.000097043409  -0.000134744448
 -0.000000000000   0.000083860678  -0.000171352787
 -0.000000000000   0.000099017340  -0.000157440070
   69    1  0.0150  0.0000  0.0000
  0.000574254864   0.000178529874   0.002529232391
  0.000013958333   0.000006718827   0.000000755869
 -0.000168073571  -0.000090303085  -0.000031891203
 -0.000038767090  -0.000007260714  -0.000012287289
  0.100009809701   0.046441912607   0.045453020850
  0.000143393858  -0.000200260536  -0.000126405570
 -0.000168964692   0.000005671689   0.000707514209
  0.000542783339   0.000145788874   0.000410430554
  0.000141226478  -0.000110129800  -0.000088925291
  0.000041714375  -0.000002695117   0.000001433596
 -0.000155661985  -0.000105565467   0.000074500585
 -0.000028264856  -0.000008550830   0.000032251209
  0.000524441309   0.014957712135   0.012723190082
 -0.000119394604   0.001247661043  -0.000014396602
  0.000389401186  -0.000210242052  -0.000622415881
  0.000190073511   0.000912035638  -0.000165532269
  0.000416640980  -0.000123198166  -0.002415882069
  0.000044030652  -0.000001824834  -0.000011432116
 -0.000088457804   0.000103591443   0.000033510831
  0.000006258334   0.000026559334   0.000009527406
  0.099918478602  -0.046462119461  -0.045484335508
  0.000129367666   0.000176555525   0.000140753331
 -0.000181384512  -0.000031203229  -0.000694945139
  0.000536660990  -0.000170616503  -0.000395911254
 -0.000114503370   0.000056045354  -0.000070358949
 -0.000062226015  -0.000022314781  -0.000035110769
  0.000117167112   0.000140011983   0.000098566983
  0.000010659976  -0.000038269120   0.000001013024
  0.000390386045   0.000241448292   0.000634118302
  0.000199594025  -0.000886620117   0.000178351767
  0.000541728057  -0.014911145767  -0.012734389746
 -0.000099406946  -0.001224967137   0.000017437413
 -0.000044191800  -0.000022022099   0.001432408317
  0.000024553573  -0.000029373481   0.000018944234
  0.000010523018   0.000019626786  -0.000018982046
 -0.000024609664   0.000052875338  -0.000027791369
  0.047376851213  -0.084299063970   0.041019349218
 -0.000218425412  -0.000659387890  -0.000010383387
 -0.000026008275   0.000029506812   0.000206930208
  0.000069569575   0.001083076191   0.000824921733
 -0.000047002558  -0.000001058325   0.000042986026
 -0.000032514493   0.000069583667  -0.000127905400
  0.000064288425   0.000060655273   0.000024632346
 -0.000008419928  -0.000006936161  -0.000028707487
  0.003185171232   0.000171728742   0.001539120917
  0.001974449458   0.002218293585   0.008692089460
 -0.001009601909  -0.000158375215  -0.001046518601
 -0.000429522610  -0.000208612232  -0.000233754062
 -0.000151203817  -0.000106449442  -0.001270576799
  0.000012596249   0.000040768132  -0.000018415054
  0.000020124672   0.000007741868   0.000022918805
 -0.000019522951  -0.000033542267   0.000027855698
  0.047338237323   0.084238034150  -0.041037059096
 -0.000196390318   0.000666334028   0.000029529138
 -0.000022756650  -0.000025706003  -0.000192104617
  0.000087878854  -0.001074799180  -0.000808264757
  0.000082432716  -0.000033519040  -0.000008491864
  0.000020944207   0.000011128106   0.000037120330
 -0.000015370126   0.000053412468  -0.000039209657
 -0.000003571551  -0.000065660011   0.000163295709
 -0.001034819996   0.000137439415   0.001061196418
 -0.000460684777   0.000198139645   0.000244899752
  0.003164115921  -0.000186348602  -0.001529983057
  0.001960779807  -0.002224646676  -0.008690708004
  0.008089935829   0.000021019930  -0.000347132451
  0.000000492335   0.000005349792  -0.000003908270
  0.000055073780  -0.000001587102   0.000008340518
  0.000011436823   0.000003734170  -0.000016890120
 -0.319473527802   0.000011064832  -0.000013876912
 -0.000070619718   0.000007020054   0.000002549546
  0.000036174734   0.000008070090  -0.000004522082
  0.000315686434   0.000006499704  -0.000001044269
 -0.000078845005  -0.000140525390  -0.000017240577
 -0.000005935075   0.000080287846  -0.000023704723
 -0.000073450026   0.000165920421   0.000026861303
 -0.000009390152  -0.000075111839  -0.000015195888
  0.001414645583   0.003509142282  -0.001625967543
  0.001492399945  -0.001020441606  -0.000586017163
  0.001414548291  -0.003506405484   0.001615368700
  0.001492676221   0.001022055333   0.000571497931
  0.001817507255  -0.000011953156  -0.000097222503
  0.000010651544  -0.000004681728  -0.000028489442
  0.000045281390  -0.000008884281  -0.000039632543
 -0.000003064256  -0.000007094429  -0.000021056929
 -0.019826552160   0.000004222184   0.000240043351
 -0.000140569443  -0.000001908667  -0.000005662907
  0.000310467863   0.000001770285   0.000003235739
  0.000468341093  -0.000002203782  -0.000005528907
 -0.000233831149  -0.000157847866  -0.000421041346
 -0.000056025219   0.000160060056  -0.000111828189
 -0.000206738983   0.000149407882   0.000375940799
 -0.000047455941  -0.000162098456   0.000104230359
 -0.002740083099  -0.000887514935  -0.000026319437
  0.000058734917   0.000291492065  -0.000249796635
 -0.002726482013   0.000874125341   0.000027413110
  0.000067399365  -0.000292790205   0.000246780934
 -0.000114940402  -0.000125965182  -0.000078298936
 -0.000017535363   0.000016745846  -0.000063336239
 -0.000069678595   0.000058818146   0.000087280270
  0.000003653768   0.000016641913   0.000048542526
 -0.002409127792  -0.001843525838   0.005267640658
 -0.000385301109   0.000690658591   0.000420208053
 -0.002399791201   0.001840798518  -0.005270260904
 -0.000384615990  -0.000692007590  -0.000415629843
 -0.000189064157   0.000037738468   0.000036686193
 -0.000053003173  -0.000014524437  -0.000003272880
  0.000059975734  -0.000016490964  -0.000007235905
  0.000042556524  -0.000014192037  -0.000009243034
  0.031326495453   0.000039316925  -0.000018347737
 -0.000487512838   0.000005321195  -0.000000644872
 -0.000842499065   0.000006291867   0.000004126311
 -0.000793318509  -0.000001618277   0.000000871088
   69    2  0.0000  0.0150  0.0000
  0.000378403291   0.000153615630   0.000768673955
  0.000012489850  -0.000055350633   0.000044350516
  0.000011392589   0.000012166664   0.000026765862
  0.000014181412  -0.000057838662   0.000033639294
  0.051686160955   0.020320590109   0.020645416001
 -0.000233491370  -0.000062755682  -0.000094505095
  0.000332196518  -0.000203419957  -0.000234292876
 -0.000226301608  -0.000074696886   0.000450416519
  0.000013407181  -0.000020561038  -0.000152010468
  0.000005344202  -0.000020483430  -0.000028370942
  0.000051293763   0.000020726919   0.000001911270
 -0.000020663878   0.000024646065   0.000050695094
  0.011111671133   0.010220083686   0.017468044071
 -0.000660533422  -0.000155212973  -0.000368208683
  0.000578210902   0.001207732084   0.000263886278
 -0.001015572058   0.000638010402  -0.000967803463
 -0.000378403291   0.000153615630   0.000768673955
 -0.000012489850  -0.000055350633   0.000044350516
 -0.000011392589   0.000012166664   0.000026765862
 -0.000014181412  -0.000057838662   0.000033639294
 -0.051686160955   0.020320590109   0.020645416001
  0.000233491370  -0.000062755682  -0.000094505095
 -0.000332196518  -0.000203419957  -0.000234292876
  0.000226301608  -0.000074696886   0.000450416519
 -0.000051293763   0.000020726919   0.000001911270
  0.000020663878   0.000024646065   0.000050695094
 -0.000013407181  -0.000020561038  -0.000152010468
 -0.000005344202  -0.000020483430  -0.000028370942
 -0.000578210902   0.001207732084   0.000263886278
  0.001015572058   0.000638010402  -0.000967803463
 -0.011111671133   0.010220083686   0.017468044071
  0.000660533422  -0.000155212973  -0.000368208683
 -0.000294275693   0.000038716550  -0.002798459846
  0.000006914995  -0.000009079633   0.000084016498
 -0.000026763131  -0.000006668574   0.000015412553
  0.000003553147   0.000001864810   0.000102066083
 -0.084044156326   0.084977262829  -0.045981717873
 -0.000163501041   0.000214947714  -0.000145673672
 -0.000142420186   0.000011932203   0.000121934552
 -0.000157962102  -0.000414531864  -0.000929237862
  0.000014037709  -0.000037325805  -0.000003339455
  0.000106538043  -0.000043560479   0.000221089807
  0.000077799439   0.000000217322   0.000059266109
 -0.000001986794   0.000025188298   0.000009412210
 -0.000485237324  -0.001936713649   0.001895755896
  0.003371079867   0.002391559593  -0.010355595133
 -0.000498718543   0.000043602772   0.001588215906
 -0.000920728739  -0.001266696658  -0.000117675686
  0.000294275693   0.000038716550  -0.002798459846
 -0.000006914995  -0.000009079633   0.000084016498
  0.000026763131  -0.000006668574   0.000015412553
 -0.000003553147   0.000001864810   0.000102066083
  0.084044156326   0.084977262829  -0.045981717873
  0.000163501041   0.000214947714  -0.000145673672
  0.000142420186   0.000011932203   0.000121934552
  0.000157962102  -0.000414531864  -0.000929237862
 -0.000077799439   0.000000217322   0.000059266109
  0.000001986794   0.000025188298   0.000009412210
 -0.000014037709  -0.000037325805  -0.000003339455
 -0.000106538043  -0.000043560479   0.000221089807
  0.000498718543   0.000043602772   0.001588215906
  0.000920728739  -0.001266696658  -0.000117675686
  0.000485237324  -0.001936713649   0.001895755896
 -0.003371079867   0.002391559593  -0.010355595133
  0.000000000000   0.009645541199   0.000140556360
  0.000000000000  -0.000028853502  -0.000067905902
  0.000000000000   0.000010613817  -0.000002571123
  0.000000000000  -0.000039798604  -0.000041616480
  0.000000000000  -0.324307285303   0.011997196455
  0.000000000000  -0.000119118288   0.000684255406
  0.000000000000   0.000067139042   0.000186068826
  0.000000000000   0.000444818714   0.000912040852
 -0.000153913950  -0.000005695152  -0.000328373660
  0.000079427935  -0.000189906434   0.000037360815
  0.000153913950  -0.000005695152  -0.000328373660
 -0.000079427935  -0.000189906434   0.000037360815
  0.002952424658   0.004493079201  -0.001708677828
 -0.000803164173   0.002144376226   0.000746095546
 -0.002952424658   0.004493079201  -0.001708677828
  0.000803164173   0.002144376226   0.000746095546
  0.000000000000   0.003216181048   0.000445112859
  0.000000000000  -0.000129050722  -0.000429099303
  0.000000000000   0.000114914116  -0.000079948181
  0.000000000000  -0.000173072940  -0.000495527148
  0.000000000000  -0.027715361267  -0.002603630230
  0.000000000000  -0.000052219569   0.000006587050
  0.000000000000  -0.000021359925  -0.000143074474
  0.000000000000  -0.000021734411  -0.000062593747
 -0.000317406780  -0.000112754678  -0.000398865091
  0.000145018071  -0.000113402759   0.000175940576
  0.000317406780  -0.000112754678  -0.000398865091
 -0.000145018071  -0.000113402759   0.000175940576
 -0.000876943810  -0.002639784292   0.000737393655
  0.000285955293  -0.000923645781   0.000238175531
  0.000876943810  -0.002639784292   0.000737393655
 -0.000285955293  -0.000923645781   0.000238175531
 -0.000026557111  -0.000146033814   0.000095880168
 -0.000011997100   0.000135792823   0.000064449696
  0.000026557111  -0.000146033814   0.000095880168
  0.000011997100   0.000135792823   0.000064449696
 -0.003249516766   0.002714009678  -0.000747302903
 -0.000592586475   0.000591147539   0.000050206928
  0.003249516766   0.002714009678  -0.000747302903
  0.000592586475   0.000591147539   0.000050206928
  0.000000000000  -0.000003399526   0.003319599570
  0.000000000000   0.000122031015   0.000068794172
  0.000000000000  -0.000123401695  -0.000021200342
  0.000000000000   0.000168857830   0.000030546020
  0.000000000000   0.094855545153   0.025562900342
  0.000000000000   0.000224247570  -0.000327036486
  0.000000000000  -0.000212653058  -0.000101386825
  0.000000000000   0.000307118730  -0.000250789381
   69    3  0.0000  0.0000  0.0150
  0.000972963848  -0.002172794600   0.002121852999
  0.000540255827  -0.001803436669   0.000171873557
  0.000489494354  -0.001880197197   0.000339069644
  0.000838890452  -0.001656138604   0.000310687432
  0.050498782790   0.015285696943   0.035549472955
  0.000711472503  -0.003948997979  -0.000320818301
 -0.000617802420  -0.003059747586  -0.000328567336
  0.001036211437  -0.003199585249  -0.000353539898
 -0.000997943803   0.001966189993   0.000579028752
 -0.000841656656   0.001762161609   0.000252476711
 -0.001127435893   0.001576213662   0.000436859486
 -0.000657882521   0.001880855422   0.000233271169
  0.002472037040   0.004042593425  -0.000244300474
 -0.001388357430   0.003687910611  -0.000264481238
 -0.003125712929   0.002484720224  -0.000346644541
 -0.000882768189   0.003830821095  -0.000550940466
 -0.000972963848  -0.002172794600   0.002121852999
 -0.000540255827  -0.001803436669   0.000171873557
 -0.000489494354  -0.001880197197   0.000339069644
 -0.000838890452  -0.001656138604   0.000310687432
 -0.050498782790   0.015285696943   0.035549472955
 -0.000711472503  -0.003948997979  -0.000320818301
  0.000617802420  -0.003059747586  -0.000328567336
 -0.001036211437  -0.003199585249  -0.000353539898
  0.001127435893   0.001576213662   0.000436859486
  0.000657882521   0.001880855422   0.000233271169
  0.000997943803   0.001966189993   0.000579028752
  0.000841656656   0.001762161609   0.000252476711
  0.003125712929   0.002484720224  -0.000346644541
  0.000882768189   0.003830821095  -0.000550940466
 -0.002472037040   0.004042593425  -0.000244300474
  0.001388357430   0.003687910611  -0.000264481238
 -0.001216845879   0.000149102888   0.002592299122
 -0.001530811512   0.000732914725   0.000224602156
 -0.001101826323   0.000427361361   0.000546427768
 -0.001434238589   0.000670508327   0.000307218298
  0.026650239796  -0.041139298546   0.035734509928
 -0.003551022220   0.001977694475  -0.000228045688
 -0.002319693142   0.001544442329  -0.000551729807
 -0.003130621779   0.001501274347  -0.000481704362
  0.001106234222  -0.000208612981   0.000641399609
  0.001703017594  -0.000815135025   0.000439926435
  0.001110653622  -0.000290938654   0.000666818655
  0.001328552041  -0.000794688707   0.000275147978
  0.000904652871  -0.002013882814  -0.000419544454
  0.003258777647  -0.000219510267   0.000234828621
  0.003632978174  -0.002469846948  -0.000552839708
  0.003201863634  -0.001283772981  -0.000103495841
  0.001216845879   0.000149102888   0.002592299122
  0.001530811512   0.000732914725   0.000224602156
  0.001101826323   0.000427361361   0.000546427768
  0.001434238589   0.000670508327   0.000307218298
 -0.026650239796  -0.041139298546   0.035734509928
  0.003551022220   0.001977694475  -0.000228045688
  0.002319693142   0.001544442329  -0.000551729807
  0.003130621779   0.001501274347  -0.000481704362
 -0.001110653622  -0.000290938654   0.000666818655
 -0.001328552041  -0.000794688707   0.000275147978
 -0.001106234222  -0.000208612981   0.000641399609
 -0.001703017594  -0.000815135025   0.000439926435
 -0.003632978174  -0.002469846948  -0.000552839708
 -0.003201863634  -0.001283772981  -0.000103495841
 -0.000904652871  -0.002013882814  -0.000419544454
 -0.003258777647  -0.000219510267   0.000234828621
 -0.000000000000  -0.000520838135  -0.008665715567
 -0.000000000000   0.000123084018   0.001080642891
 -0.000000000000   0.000349836271   0.001253531594
 -0.000000000000   0.000058554312   0.001136708139
 -0.000000000000   0.011619626945  -0.254980613251
 -0.000000000000   0.000675999934   0.003597597628
 -0.000000000000   0.000175405708   0.005136182976
 -0.000000000000   0.000897735718   0.004954761453
 -0.000038927879  -0.000324172283  -0.005915941981
 -0.000010866782   0.000032296519  -0.003490919105
  0.000038927879  -0.000324172283  -0.005915941981
  0.000010866782   0.000032296519  -0.003490919105
  0.000436967598   0.000289403448  -0.001976668862
 -0.000058314246   0.000195903282  -0.001318692894
 -0.000436967598   0.000289403448  -0.001976668862
  0.000058314246   0.000195903282  -0.001318692894
 -0.000000000000  -0.000443862974  -0.011890168430
 -0.000000000000   0.000420489624  -0.002443532506
 -0.000000000000   0.000080550831  -0.004365182142
 -0.000000000000   0.000491406703  -0.003605009686
 -0.000000000000   0.006970201269   0.093194965779
 -0.000000000000   0.000260604299  -0.001855758959
 -0.000000000000   0.000543906191  -0.001583235716
 -0.000000000000   0.000179917930  -0.001811459886
 -0.000209542750  -0.000553472803   0.001532175909
  0.000068428817  -0.000061486063   0.001078993996
  0.000209542750  -0.000553472803   0.001532175909
 -0.000068428817  -0.000061486063   0.001078993996
  0.000016517722  -0.000725609324   0.005732223441
  0.000241265656  -0.000231618877   0.003892071250
 -0.000016517722  -0.000725609324   0.005732223441
 -0.000241265656  -0.000231618877   0.003892071250
  0.000018832067  -0.000009447479   0.000646774959
 -0.000054448998  -0.000234637035   0.000461605223
 -0.000018832067  -0.000009447479   0.000646774959
  0.000054448998  -0.000234637035   0.000461605223
 -0.003886154309  -0.001565782190  -0.001807973432
 -0.001033124304   0.001026981784  -0.000821335004
  0.003886154309  -0.001565782190  -0.001807973432
  0.001033124304   0.001026981784  -0.000821335004
 -0.000000000000   0.001006866988   0.001813515678
 -0.000000000000  -0.000211894074   0.000386515579
 -0.000000000000   0.000288256933   0.000518870375
 -0.000000000000  -0.000228953281   0.000592369881
 -0.000000000000   0.029376815294   0.029457372755
 -0.000000000000  -0.000324052851  -0.000434285728
 -0.000000000000  -0.000040159831  -0.000695873692
 -0.000000000000  -0.000553969040  -0.000639064489
   97    1  0.0150  0.0000  0.0000
  0.121602258701   0.072634029940   0.000301804299
  0.000044045010  -0.001150645038  -0.000266157059
 -0.004597398633  -0.002241891001  -0.000319932171
 -0.002506956632   0.000026051616  -0.000371833632
  0.000585906597   0.000284389064   0.000037756835
  0.000119475639   0.000019849869   0.000025554551
 -0.000219710278  -0.000017911592   0.000022403884
 -0.000105698755  -0.000034700519  -0.000015207508
  0.077111833147  -0.087943564288   0.002721497821
 -0.000110412818   0.000333511761  -0.000209413665
 -0.006235973687  -0.003760394292   0.001144872974
 -0.001700018508  -0.001010999226   0.000424889794
  0.000352073153  -0.000532571101  -0.000527416971
  0.000104694963   0.000063507266   0.000020329999
 -0.000212242422  -0.000119726166   0.000027394522
 -0.000092886222  -0.000053977673   0.000004272395
 -0.004636635826   0.002291339160   0.000298458974
 -0.002521358328   0.000009371043   0.000371292546
  0.121605092471  -0.072576703199  -0.000345248027
  0.000033918871   0.001180793454   0.000267396433
 -0.000289304629   0.000005865647  -0.000001340443
 -0.000105421284  -0.000010651215   0.000026605230
  0.000525568996  -0.000297397690  -0.000016201420
  0.000119978761  -0.000065168314  -0.000015498039
  0.077083991273   0.087876826237  -0.002732139041
 -0.000106436641  -0.000363873784   0.000206381348
 -0.006266763214   0.003721814967  -0.001159367326
 -0.001697985634   0.000984333237  -0.000426408710
  0.000375146228   0.000583385602   0.000556560018
  0.000100006494  -0.000039959804  -0.000008566897
 -0.000195672426   0.000171834329   0.000004944300
 -0.000095748104   0.000077878996   0.000007462401
  0.011441240432   0.009977880991  -0.000028299695
 -0.004125786226  -0.000939036335  -0.001115306921
  0.001214496139  -0.000526530684  -0.000250894570
 -0.000007108545  -0.000257433306   0.000179918056
  0.000089323673  -0.000050124112   0.000083835707
 -0.000046442741   0.000050786672   0.000025283993
 -0.000077173619   0.000021650031  -0.000084767905
 -0.000049598782   0.000048060852  -0.000011872773
  0.014201160909  -0.014617199437   0.002966260965
  0.001216349489  -0.002340241806  -0.000076350244
  0.002833954957   0.000891301183   0.000406297564
  0.001269324399   0.001577497317   0.000126394396
  0.000250628005  -0.000094681131   0.000611341720
  0.000040615505  -0.000085937554   0.000036521171
  0.000037989468   0.000031470903  -0.000024415959
 -0.000005857946   0.000062273840  -0.000023724774
  0.001153940503   0.000474971212   0.000223603083
 -0.000064327000   0.000224297383  -0.000182541938
  0.011390371703  -0.009993382145  -0.000012638938
 -0.004173891716   0.000918733041   0.001110767416
 -0.000095276600  -0.000061367807   0.000108710717
 -0.000011675494  -0.000013635678   0.000024719640
  0.000076607283   0.000010721523  -0.000057122973
 -0.000007802648  -0.000014736902  -0.000010231869
  0.014211231477   0.014647077685  -0.002978670676
  0.001253908674   0.002370258799   0.000062118587
  0.002871753527  -0.000876106965  -0.000416210484
  0.001312354254  -0.001549988966  -0.000132597730
  0.000224850726   0.000108904284  -0.000589279419
  0.000023131422   0.000066821187  -0.000013413835
  0.000006012793  -0.000023377986   0.000040008926
 -0.000022575619  -0.000079550053   0.000046619995
 -0.001724546919  -0.002456077385  -0.002541001466
  0.000001591977  -0.001157258912  -0.000626810985
 -0.001738290812   0.002465817836   0.002491180631
  0.000005738252   0.001171500285   0.000582979738
 -0.000085165826   0.000014194450  -0.000151857071
 -0.000005979913  -0.000012370079  -0.000026485132
 -0.000080164837   0.000004922447  -0.000017800669
 -0.000006937814   0.000005273833   0.000061585330
  0.031450358801   0.000002803383   0.000030616386
 -0.000481197607   0.000000327141   0.000026809307
 -0.000892952801  -0.000000700248   0.000022246374
 -0.000807584301   0.000003173366   0.000022874184
  0.000036242857   0.000010513669   0.000036085961
 -0.000038269044  -0.000000410772   0.000014774413
  0.000016622399   0.000006896741   0.000033220303
  0.000021820263   0.000000618629   0.000014172155
 -0.002452635067  -0.003303587162   0.003866357480
 -0.000400920951  -0.000559037462   0.001020114192
 -0.002456753674   0.003308360925  -0.003815586228
 -0.000398310123   0.000558839202  -0.000958079584
 -0.000279826084   0.000055706794  -0.000490542780
 -0.000082331517   0.000101884179  -0.000223927760
 -0.000276796738  -0.000061020848   0.000393953396
 -0.000081950615  -0.000108112636   0.000248709254
  0.024084358136   0.000000228385  -0.000019455194
 -0.000865524281  -0.000003634591  -0.000022712672
  0.000319105076  -0.000005995218  -0.000020774984
 -0.000143951433  -0.000004084276  -0.000017869199
 -0.000206260212   0.000008960712  -0.000015465604
 -0.000046999907  -0.000003991339   0.000007944828
  0.000063314520   0.000008927151  -0.000009230972
  0.000030520295  -0.000003287054   0.000008359035
 -0.559822228482  -0.000014118614  -0.000006921968
  0.000940062444  -0.000008686452  -0.000004090766
  0.009292946475  -0.000000654969  -0.000008830586
  0.003120886628  -0.000004419790  -0.000005125415
 -0.001285298359  -0.000040552460   0.000009953489
 -0.000102533937   0.000011707051   0.000002644664
  0.000138751688  -0.000038661173   0.000010662713
  0.000082680434   0.000009978363   0.000003155316
  0.036885985093  -0.005250469907   0.000528197360
  0.003432331654  -0.001621314558   0.000332338383
  0.036877911039   0.005248188547  -0.000568380011
  0.003434831373   0.001646485180  -0.000339555670
  0.000000701687  -0.000015160496   0.000078952961
  0.000012974173  -0.000021809186   0.000034478169
  0.000001374380   0.000035116158  -0.000067127604
  0.000013206947   0.000010967840  -0.000023942346
   97    2  0.0000  0.0150  0.0000
  0.072057223330   0.055709195228   0.000030405094
 -0.000562723523   0.001907645840  -0.000076786475
  0.001466192674   0.002621084337   0.001008724230
 -0.000425638810  -0.000667349674   0.000112078853
  0.000161581514   0.000029374810  -0.000112657996
 -0.000073750017   0.000031662287   0.000012809563
  0.000032839600   0.000144741117  -0.000047461485
 -0.000086214417   0.000013008242   0.000005634610
 -0.050144282220   0.055524903053  -0.006370117469
 -0.000042630023  -0.000634688393   0.000177931806
  0.000307884650  -0.001452425610  -0.000157481813
 -0.000422756207   0.000566221255   0.000225673076
  0.000012100714   0.000045626662   0.000446728060
 -0.000043817147  -0.000125466575  -0.000041989647
  0.000049367390  -0.000018525835   0.000030906586
 -0.000074959892  -0.000122909666  -0.000035658457
 -0.001466192674   0.002621084337   0.001008724230
  0.000425638810  -0.000667349674   0.000112078853
 -0.072057223330   0.055709195228   0.000030405094
  0.000562723523   0.001907645840  -0.000076786475
 -0.000032839600   0.000144741117  -0.000047461485
  0.000086214417   0.000013008242   0.000005634610
 -0.000161581514   0.000029374810  -0.000112657996
  0.000073750017   0.000031662287   0.000012809563
  0.050144282220   0.055524903053  -0.006370117469
  0.000042630023  -0.000634688393   0.000177931806
 -0.000307884650  -0.001452425610  -0.000157481813
  0.000422756207   0.000566221255   0.000225673076
 -0.000012100714   0.000045626662   0.000446728060
  0.000043817147  -0.000125466575  -0.000041989647
 -0.000049367390  -0.000018525835   0.000030906586
  0.000074959892  -0.000122909666  -0.000035658457
  0.014530056561   0.006885320996  -0.000647035056
  0.004549375272   0.002470631173   0.000075840765
 -0.002750046091   0.001213223446   0.001178813538
 -0.000186099706  -0.000235585861   0.000110505084
  0.000075373865   0.000011839727   0.000038482194
  0.000105886173  -0.000059196833   0.000048426202
  0.000041477018   0.000005907288  -0.000036353758
  0.000052923634  -0.000026591100   0.000006129675
 -0.017347117160   0.016762401599   0.003146409204
 -0.000429188416  -0.001481787403   0.000070835161
 -0.000264830010  -0.000099656539   0.000070988884
  0.000670676708  -0.000538561820  -0.000261219315
 -0.000128338505   0.000019382922   0.000214913956
 -0.000047927117   0.000016905236  -0.000034451177
 -0.000064768697   0.000039116622   0.000036957615
 -0.000035079798   0.000009096020  -0.000030874207
  0.002750046091   0.001213223446   0.001178813538
  0.000186099706  -0.000235585861   0.000110505084
 -0.014530056561   0.006885320996  -0.000647035056
 -0.004549375272   0.002470631173   0.000075840765
 -0.000041477018   0.000005907288  -0.000036353758
 -0.000052923634  -0.000026591100   0.000006129675
 -0.000075373865   0.000011839727   0.000038482194
 -0.000105886173  -0.000059196833   0.000048426202
  0.017347117160   0.016762401599   0.003146409204
  0.000429188416  -0.001481787403   0.000070835161
  0.000264830010  -0.000099656539   0.000070988884
 -0.000670676708  -0.000538561820  -0.000261219315
  0.000128338505   0.000019382922   0.000214913956
  0.000047927117   0.000016905236  -0.000034451177
  0.000064768697   0.000039116622   0.000036957615
  0.000035079798   0.000009096020  -0.000030874207
  0.001502667193   0.003142359351  -0.000427125582
  0.000273431130   0.000393786727   0.000887860797
 -0.001502667193   0.003142359351  -0.000427125582
 -0.000273431130   0.000393786727   0.000887860797
 -0.000086263517  -0.000133436652  -0.000040973636
  0.000002306020   0.000130418083  -0.000249911390
  0.000086263517  -0.000133436652  -0.000040973636
 -0.000002306020   0.000130418083  -0.000249911390
  0.000000000000   0.095074719620   0.029283943278
  0.000000000000   0.000199886719  -0.000367391730
  0.000000000000  -0.000196089478  -0.000045305908
  0.000000000000   0.000295899473  -0.000560370047
  0.000000000000   0.000594749424  -0.002221265934
  0.000000000000   0.000020514824   0.000101945639
  0.000000000000  -0.000011553816   0.000088685093
  0.000000000000   0.000031261299   0.000101436174
 -0.001853418836   0.002703235340   0.001530975983
  0.000695795704   0.000578039605  -0.000978549029
  0.001853418836   0.002703235340   0.001530975983
 -0.000695795704   0.000578039605  -0.000978549029
 -0.000395039709  -0.000035814704  -0.000337457603
  0.000016090357  -0.000027523049   0.000178341684
  0.000395039709  -0.000035814704  -0.000337457603
 -0.000016090357  -0.000027523049   0.000178341684
  0.000000000000   0.022272399798   0.000261831110
  0.000000000000   0.000525541013   0.000012121262
  0.000000000000  -0.000177932055   0.000369691328
  0.000000000000   0.000127606720   0.000085496591
  0.000000000000  -0.000027496931  -0.001068858961
  0.000000000000   0.000113780794   0.000217737887
  0.000000000000  -0.000119422018  -0.000346717391
  0.000000000000   0.000158767618   0.000229806514
  0.000000000000  -0.405044361366  -0.027198414683
  0.000000000000  -0.001008368997   0.000118414791
  0.000000000000  -0.000006396228  -0.000153968467
  0.000000000000  -0.000189667282   0.000180685577
  0.000000000000  -0.000310341540   0.001044793577
  0.000000000000  -0.000099211998  -0.000039631055
  0.000000000000   0.000057253146   0.000064266859
  0.000000000000  -0.000108203037  -0.000033377980
 -0.005307656037  -0.002662787337   0.000462689484
 -0.001618147802   0.001283238718  -0.000293001251
  0.005307656037  -0.002662787337   0.000462689484
  0.001618147802   0.001283238718  -0.000293001251
 -0.000040241446   0.000061046268   0.000035629015
 -0.000013575855  -0.000083772753  -0.000028362538
  0.000040241446   0.000061046268   0.000035629015
  0.000013575855  -0.000083772753  -0.000028362538
   97    3  0.0000  0.0000  0.0150
  0.005252173061   0.003760614586   0.020543621121
  0.000012618742  -0.000645885346   0.000044191824
  0.000144495440   0.000464457502  -0.000716630310
 -0.000137915853  -0.000248111996  -0.000105355823
 -0.000119189307  -0.000462730483   0.000297507072
  0.000169873756  -0.000319599080   0.000022275023
  0.000247088737  -0.000184607911  -0.000186755956
  0.000102932385  -0.000348561203  -0.000068665106
 -0.003962233434  -0.002174120338   0.001066572132
 -0.000041449277   0.000208664090   0.000242305037
  0.000073034100   0.000312256687   0.000428654656
 -0.000146312728   0.000170975941   0.000243273525
 -0.001092779565   0.000711170002  -0.001377611704
 -0.000122034292   0.000297269927  -0.000043453913
  0.000006263459   0.000349923213  -0.000053294337
 -0.000170339198   0.000260166236  -0.000025165364
 -0.000144495440   0.000464457502  -0.000716630310
  0.000137915853  -0.000248111996  -0.000105355823
 -0.005252173061   0.003760614586   0.020543621121
 -0.000012618742  -0.000645885346   0.000044191824
 -0.000247088737  -0.000184607911  -0.000186755956
 -0.000102932385  -0.000348561203  -0.000068665106
  0.000119189307  -0.000462730483   0.000297507072
 -0.000169873756  -0.000319599080   0.000022275023
  0.003962233434  -0.002174120338   0.001066572132
  0.000041449277   0.000208664090   0.000242305037
 -0.000073034100   0.000312256687   0.000428654656
  0.000146312728   0.000170975941   0.000243273525
  0.001092779565   0.000711170002  -0.001377611704
  0.000122034292   0.000297269927  -0.000043453913
 -0.000006263459   0.000349923213  -0.000053294337
  0.000170339198   0.000260166236  -0.000025165364
  0.000745111177   0.000938380961  -0.000820384192
  0.000113776392  -0.000188520462   0.001475578499
 -0.000206528031  -0.000212742421  -0.001568848471
 -0.000524882447   0.000131382327   0.000508978524
 -0.000156255564   0.000066809266   0.000013665149
 -0.000397486874   0.000252103552  -0.000191360286
 -0.000206083150  -0.000021699298  -0.000185678808
 -0.000206046157   0.000130471349  -0.000033914679
  0.007331332873  -0.000835692714  -0.009175688885
  0.000278781260  -0.000295425763   0.000970543894
  0.000112540888  -0.000080081357  -0.000586541674
  0.000183097405  -0.000255790981  -0.000183760024
 -0.000073476763  -0.000229712589   0.002523490981
  0.000293021712  -0.000139247209  -0.000012770057
  0.000189159066  -0.000052947844  -0.000075513098
  0.000234739896  -0.000108441709  -0.000046637645
  0.000206528031  -0.000212742421  -0.001568848471
  0.000524882447   0.000131382327   0.000508978524
 -0.000745111177   0.000938380961  -0.000820384192
 -0.000113776392  -0.000188520462   0.001475578499
  0.000206083150  -0.000021699298  -0.000185678808
  0.000206046157   0.000130471349  -0.000033914679
  0.000156255564   0.000066809266   0.000013665149
  0.000397486874   0.000252103552  -0.000191360286
 -0.007331332873  -0.000835692714  -0.009175688885
 -0.000278781260  -0.000295425763   0.000970543894
 -0.000112540888  -0.000080081357  -0.000586541674
 -0.000183097405  -0.000255790981  -0.000183760024
  0.000073476763  -0.000229712589   0.002523490981
 -0.000293021712  -0.000139247209  -0.000012770057
 -0.000189159066  -0.000052947844  -0.000075513098
 -0.000234739896  -0.000108441709  -0.000046637645
  0.003905616083   0.000536468593  -0.002848307920
 -0.000003863121   0.000512901450   0.000234675169
 -0.003905616083   0.000536468593  -0.002848307920
  0.000003863121   0.000512901450   0.000234675169
 -0.000082197126   0.000099698475   0.000643312543
 -0.000052130700   0.000061282734   0.000407894155
  0.000082197126   0.000099698475   0.000643312543
  0.000052130700   0.000061282734   0.000407894155
  0.000000000000   0.025906926964   0.029288796348
  0.000000000000  -0.000317765582  -0.000446521558
  0.000000000000  -0.000087432614  -0.000756130196
  0.000000000000  -0.000265634380  -0.000669980300
  0.000000000000  -0.011334303432   0.006336807122
  0.000000000000  -0.000020564740  -0.000126972090
  0.000000000000  -0.000041559270  -0.000169484556
  0.000000000000  -0.000015455078  -0.000158360975
 -0.005248266021   0.000734576742  -0.001791188009
 -0.000395225941  -0.000072536465  -0.000794782537
  0.005248266021   0.000734576742  -0.001791188009
  0.000395225941  -0.000072536465  -0.000794782537
 -0.000347303879  -0.000104449353  -0.000569890168
  0.000037120506  -0.000045961811  -0.000039961560
  0.000347303879  -0.000104449353  -0.000569890168
 -0.000037120506  -0.000045961811  -0.000039961560
  0.000000000000   0.011913667356   0.027819781468
  0.000000000000   0.000217143074   0.000044119636
  0.000000000000  -0.000045165726   0.000172031073
  0.000000000000   0.000276757404   0.000308339562
  0.000000000000  -0.003301826566   0.001823320301
  0.000000000000  -0.000072578903   0.000329128888
  0.000000000000   0.000034722495   0.000492320210
  0.000000000000  -0.000036793195   0.000551679340
  0.000000000000  -0.027609727194  -0.085025717428
  0.000000000000   0.000136362600  -0.000168593576
  0.000000000000  -0.000112954410   0.000150959700
  0.000000000000   0.000223669731  -0.000187532822
  0.000000000000  -0.001081113709  -0.002719749480
  0.000000000000   0.000014041028  -0.000108591124
  0.000000000000  -0.000085529050   0.000074656901
  0.000000000000   0.000009026678  -0.000069458762
 -0.000512037982  -0.000483625570   0.003532784699
 -0.000325529611   0.000298538941  -0.000036416603
  0.000512037982  -0.000483625570   0.003532784699
  0.000325529611   0.000298538941  -0.000036416603
  0.000089313761   0.000053023407   0.000060846797
  0.000035656691   0.000007399178  -0.000114017512
 -0.000089313761   0.000053023407   0.000060846797
 -0.000035656691   0.000007399178  -0.000114017512
