       N       E                     dE             d eps       ncg     rms          rms(c)
DAV:   1     0.749586607118E+02    0.74959E+02   -0.19648E+04120960   0.840E+02
DAV:   2    -0.919683468929E+02   -0.16693E+03   -0.15651E+03167160   0.165E+02
DAV:   3    -0.975980785708E+02   -0.56297E+01   -0.55965E+01177648   0.269E+01
