       N       E                     dE             d eps       ncg     rms          rms(c)
DAV:   1     0.160785444640E+03    0.16079E+03   -0.27727E+04120960   0.137E+03
DAV:   2    -0.876864852975E+02   -0.24847E+03   -0.22952E+03159360   0.215E+02
DAV:   3    -0.975872161186E+02   -0.99007E+01   -0.98076E+01181032   0.377E+01
DAV:   4    -0.976499513215E+02   -0.62735E-01   -0.62730E-01133248   0.343E+00
