       N       E                     dE             d eps       ncg     rms          rms(c)
DAV:   1     0.160785444640E+03    0.16079E+03   -0.27727E+04120960   0.137E+03
DAV:   2    -0.876864852975E+02   -0.24847E+03   -0.22952E+03159360   0.215E+02
