       N       E                     dE             d eps       ncg     rms          rms(c)
DAV:   1     0.356327859178E+02    0.35633E+02   -0.15902E+04120960   0.627E+02
DAV:   2    -0.936678453630E+02   -0.12930E+03   -0.12205E+03170064   0.136E+02
