       N       E                     dE             d eps       ncg     rms          rms(c)
DAV:   1     0.550310123067E+02    0.55031E+02   -0.17656E+04  5760   0.723E+02
DAV:   2    -0.928269518068E+02   -0.14786E+03   -0.13903E+03  8112   0.150E+02
DAV:   3    -0.975660086943E+02   -0.47391E+01   -0.47161E+01  8232   0.242E+01
DAV:   4    -0.975936543296E+02   -0.27646E-01   -0.27644E-01  7440   0.212E+00
