       N       E                     dE             d eps       ncg     rms          rms(c)
DAV:   1     0.946765970255E+02    0.94677E+02   -0.21464E+04120960   0.951E+02
DAV:   2    -0.910745405393E+02   -0.18575E+03   -0.17365E+03165312   0.177E+02
