       N       E                     dE             d eps       ncg     rms          rms(c)
DAV:   1     0.946765970255E+02    0.94677E+02   -0.21464E+04120960   0.951E+02
DAV:   2    -0.910745405393E+02   -0.18575E+03   -0.17365E+03165312   0.177E+02
DAV:   3    -0.976048547167E+02   -0.65303E+01   -0.64870E+01179280   0.294E+01
DAV:   4    -0.976437313622E+02   -0.38877E-01   -0.38875E-01141168   0.264E+00
