       N       E                     dE             d eps       ncg     rms          rms(c)
DAV:   1     0.790521134362E+01    0.79052E+01   -0.34853E+02  8400   0.388E+01
DAV:   2     0.986618702841E-01   -0.78065E+01   -0.77785E+01 16656   0.568E+00
DAV:   3    -0.551085126786E-01   -0.15377E+00   -0.13174E+00  8472   0.142E+00
DAV:   4    -0.582211652050E-01   -0.31127E-02   -0.30078E-02  9504   0.173E-01
