       N       E                     dE             d eps       ncg     rms          rms(c)
DAV:   1     0.790521134362E+01    0.79052E+01   -0.34853E+02  8400   0.388E+01
DAV:   2     0.986618702841E-01   -0.78065E+01   -0.77785E+01 16656   0.568E+00
