    2   72   15
 10.811  1.000
    1    1  0.0150  0.0000  0.0000
 -0.392903763702  -0.071191605819  -0.000000000000
 -0.001153854531  -0.001321508955  -0.000000000000
 -0.003401848753  -0.000463618541  -0.000000000000
  0.001959515352  -0.000703903557  -0.000000000000
 -0.027686132094   0.040888078539  -0.000000000000
  0.002057656395   0.003086357182  -0.000000000000
  0.003699435549  -0.000463196941  -0.000000000000
 -0.002966876385   0.000925937426  -0.000000000000
  0.033546506678   0.016167009635  -0.000000000000
  0.004063641216  -0.000228578503  -0.000000000000
  0.009869004658  -0.003780804937  -0.000000000000
  0.001631845599   0.003550557457  -0.000000000000
 -0.016999240542   0.002491816390  -0.000000000000
 -0.002153955532   0.002948522640  -0.000000000000
 -0.017482576503   0.005929666108  -0.000000000000
 -0.001756266685  -0.002123070414  -0.000000000000
  0.016458591812   0.038562448466  -0.000000000000
 -0.002350271930   0.001912514814  -0.000000000000
 -0.002375373113   0.001382011108  -0.000000000000
  0.001704999400   0.001066014937  -0.000000000000
  0.003295556284   0.001182947925  -0.000000000000
  0.001652724781  -0.005121987847  -0.000000000000
  0.000698581559  -0.001325569618  -0.000000000000
  0.001271090242  -0.000459892848  -0.000000000000
  0.020284999482   0.006561618294  -0.000000000000
  0.000342298254   0.001573402073  -0.000000000000
  0.004569857519  -0.000618300190  -0.000000000000
 -0.004579611772  -0.001777203875  -0.000000000000
  0.011224269833  -0.000536471728  -0.000000000000
  0.000428618793  -0.001108874088  -0.000000000000
  0.002534279642   0.000041332099  -0.000000000000
 -0.000546852515   0.001372477509  -0.000000000000
  0.025043269155   0.005304492992   0.013368027130
 -0.000118723850   0.000090391788   0.000918232604
 -0.002157277990   0.001589490628   0.001242664730
  0.000115270596  -0.000152515234  -0.000077280906
  0.006401254031   0.009428141570  -0.000661405554
  0.000063148486  -0.000475232608  -0.000774247631
 -0.000810129931  -0.003072072568  -0.001387629802
  0.000042916040   0.000351721159   0.000737115813
  0.025043269155   0.005304492992  -0.013368027130
 -0.000118723850   0.000090391788  -0.000918232604
 -0.002157277990   0.001589490628  -0.001242664730
  0.000115270596  -0.000152515234   0.000077280906
  0.006401254031   0.009428141570   0.000661405554
  0.000063148486  -0.000475232608   0.000774247631
 -0.000810129931  -0.003072072568   0.001387629802
  0.000042916040   0.000351721159  -0.000737115813
  0.141175856831   0.038541554669  -0.000000000000
 -0.000013673924   0.001047677371  -0.000000000000
  0.006823170872   0.005207810838  -0.000000000000
  0.002517662271   0.000753160414  -0.000000000000
  0.146591953319  -0.099679705127  -0.000000000000
 -0.001334656183  -0.003515836861  -0.000000000000
  0.005249268580  -0.003731900004  -0.000000000000
 -0.001640750784   0.000439028645  -0.000000000000
  0.002018727264   0.000968156280   0.001369283230
  0.000038072911  -0.000148292080   0.000234312935
 -0.000050311608  -0.000335737733   0.000268108450
 -0.000011037336  -0.000150214680  -0.000001021606
 -0.002749274312  -0.003308504169  -0.000556714325
  0.000094614475   0.000118884370   0.000168438189
  0.000069044637   0.000724431585   0.000257556815
 -0.000142402554   0.000326901355   0.000011385964
  0.002018727264   0.000968156280  -0.001369283230
  0.000038072911  -0.000148292080  -0.000234312935
 -0.000050311608  -0.000335737733  -0.000268108450
 -0.000011037336  -0.000150214680   0.000001021606
 -0.002749274312  -0.003308504169   0.000556714325
  0.000094614475   0.000118884370  -0.000168438189
  0.000069044637   0.000724431585  -0.000257556815
 -0.000142402554   0.000326901355  -0.000011385964
    1    2  0.0000  0.0150  0.0000
 -0.071483376195  -0.473525679523   0.000000000000
 -0.001388972647  -0.000726545917   0.000000000000
 -0.000429211732  -0.001140601451   0.000000000000
 -0.000665566781  -0.003008062462   0.000000000000
  0.041112065289   0.172708069920   0.000000000000
  0.002962236010   0.004836568323   0.000000000000
 -0.000518125037   0.006238573294   0.000000000000
  0.001057890583   0.002603133012   0.000000000000
 -0.016314966331   0.002556133924   0.000000000000
  0.000215965222  -0.000066448891   0.000000000000
  0.003692364259  -0.004961928701   0.000000000000
 -0.003542956057  -0.003745923647   0.000000000000
 -0.005999587363   0.011027946338   0.000000000000
  0.002079718176   0.002119745425   0.000000000000
 -0.002680115825   0.011190529773   0.000000000000
 -0.002856516822   0.002108417862   0.000000000000
  0.053296416611   0.157759226932   0.000000000000
 -0.002623237765   0.002413744803   0.000000000000
 -0.000765413370  -0.000519105543   0.000000000000
  0.001749005446   0.001782201537   0.000000000000
  0.002776593592  -0.019720838549   0.000000000000
 -0.001205179665   0.010204459761   0.000000000000
 -0.002828780899  -0.002933615705   0.000000000000
 -0.000973575576   0.000670222915   0.000000000000
  0.017236623401   0.020331939594   0.000000000000
  0.001605288057   0.001764565470   0.000000000000
 -0.000235026295  -0.000916014704   0.000000000000
  0.000893375199   0.000589191511   0.000000000000
 -0.001132896155   0.001409332012   0.000000000000
  0.001301336600   0.000518801437   0.000000000000
  0.002781594875  -0.004656465200   0.000000000000
  0.001149024302  -0.005851963626   0.000000000000
  0.009430259483   0.012885229836   0.002718552442
  0.000356264128  -0.000096982716   0.001201106299
 -0.000266311213   0.000145729054   0.000510513675
  0.000297823692  -0.000806554256   0.001270303695
  0.005006592758   0.012442703758  -0.000080076256
  0.000153005049  -0.001773280238   0.000461706846
  0.000948444481   0.001928974505  -0.000645880871
  0.001594292404  -0.000457521910  -0.000437557251
  0.009430259483   0.012885229836  -0.002718552442
  0.000356264128  -0.000096982716  -0.001201106299
 -0.000266311213   0.000145729054  -0.000510513675
  0.000297823692  -0.000806554256  -0.001270303695
  0.005006592758   0.012442703758   0.000080076256
  0.000153005049  -0.001773280238  -0.000461706846
  0.000948444481   0.001928974505   0.000645880871
  0.001594292404  -0.000457521910   0.000437557251
  0.031620606136   0.023564933012   0.000000000000
 -0.000949289459  -0.002476753543   0.000000000000
  0.007753955730  -0.007001156155   0.000000000000
  0.001813432701   0.001001626215   0.000000000000
 -0.086795609721   0.050815980288   0.000000000000
  0.000109143295  -0.002143050412   0.000000000000
 -0.002709236082  -0.004649610845   0.000000000000
  0.001271583289   0.003338287341   0.000000000000
 -0.001249981150   0.001203141843   0.000492729474
 -0.000074068953  -0.000016273938   0.000226012267
  0.000201244500  -0.000096135949   0.000101380216
 -0.000344180761   0.000421686974   0.000089664529
 -0.000732744304  -0.002439692379  -0.000306381173
  0.000251654636   0.000448416159   0.000045990148
 -0.000407729689  -0.000774758744  -0.000007285619
 -0.000354854559   0.000230385086   0.000104046904
 -0.001249981150   0.001203141843  -0.000492729474
 -0.000074068953  -0.000016273938  -0.000226012267
  0.000201244500  -0.000096135949  -0.000101380216
 -0.000344180761   0.000421686974  -0.000089664529
 -0.000732744304  -0.002439692379   0.000306381173
  0.000251654636   0.000448416159  -0.000045990148
 -0.000407729689  -0.000774758744   0.000007285619
 -0.000354854559   0.000230385086  -0.000104046904
    1    3  0.0000  0.0000  0.0150
  0.000008798858  -0.000284363179  -0.093929767129
  0.000022260482  -0.000020992368  -0.000786964828
  0.000117113738   0.000099942339  -0.000257549144
 -0.000155511128  -0.000106312208   0.000761102211
  0.000026181380   0.000158573898  -0.012910240590
 -0.000017216760   0.000070084374  -0.002145147787
 -0.000111901748  -0.000094575581   0.003254473319
  0.000144231187   0.000076148505  -0.001623321695
 -0.000002541932  -0.000041812763  -0.012993183869
  0.000026882729  -0.000002042254   0.001020830867
 -0.000152438056   0.000094517684   0.003728496085
  0.000108156843  -0.000122751308   0.001738275053
  0.000057757139  -0.000054833640   0.002767805865
 -0.000056957943   0.000039130482  -0.000579113061
  0.000118214163  -0.000147275651   0.002788975836
 -0.000048509095   0.000072018915  -0.000569098891
  0.000106932424   0.000104900477  -0.005156432165
 -0.000010759115   0.000050515633  -0.000126463923
  0.000041434864  -0.000073942615  -0.000224990083
 -0.000054724278   0.000087738323  -0.001130138411
 -0.000080753472   0.000018651698   0.013819399819
  0.000070362552  -0.000086725610   0.000093828656
 -0.000014753719   0.000060548686   0.004359905504
  0.000046522881  -0.000070225496  -0.001265017896
 -0.000086179837  -0.000000204855   0.003377232385
 -0.000004262681   0.000036192242   0.001160505894
 -0.000045371752  -0.000109096848   0.000840901927
  0.000060144371   0.000103998152   0.001459133966
  0.000033417864   0.000039498742  -0.006193758833
 -0.000003696798  -0.000014577799   0.001651949756
  0.000012163939   0.000179664588  -0.005514287508
 -0.000020949241  -0.000083644054  -0.001722838779
  0.013423075638   0.006103631639   0.041639535415
  0.001138960541   0.000394249205   0.000038172288
  0.000850682472  -0.000301914984  -0.001329363026
  0.000725676286   0.000439134721  -0.000616200514
  0.003458019435   0.018129927342   0.005677958862
  0.000674209569   0.001274525012   0.000493727593
 -0.005682999246  -0.001510130143   0.000086279852
  0.000443545413   0.000047654498   0.001326325509
 -0.013441259549  -0.006187493843   0.041702586124
 -0.001158610905  -0.000356218469  -0.000051200062
 -0.000846647121   0.000178784477  -0.001063158713
 -0.000704459126  -0.000316516011  -0.000900455565
 -0.003470617145  -0.018143522770   0.005536816701
 -0.000666167651  -0.001301629030   0.000619859224
  0.005637428830   0.001637898602  -0.000145611236
 -0.000467290635  -0.000171125825   0.001577257597
  0.000084311267  -0.000013536786   0.001257436797
  0.000042118928   0.000014151396  -0.000536542483
 -0.000011166019  -0.000099687487   0.001992395842
 -0.000028877136   0.000122947415  -0.000915469911
 -0.000107925630   0.000089801283   0.005391185213
 -0.000039921031  -0.000009314219  -0.000489475015
 -0.000001478273   0.000158608250   0.000376327235
  0.000034082761  -0.000159813321  -0.000336555522
 -0.011006670804  -0.003865092378   0.002067335582
  0.000046984434  -0.000007768608  -0.000019243910
  0.000035480952   0.000070822493  -0.000019814838
 -0.000021908275  -0.000036968159   0.000002191908
 -0.000639456979  -0.000655014386  -0.000344025792
 -0.000014822243   0.000042718384  -0.000026496778
  0.000063269145   0.000190800036  -0.000019504463
 -0.000042848600  -0.000062284427  -0.000096575319
  0.010985208997   0.003878139216   0.001968453832
 -0.000038127348   0.000011328755  -0.000030705076
 -0.000027876322  -0.000056487525  -0.000021362013
  0.000016048603   0.000013540962  -0.000006281410
  0.000648665060   0.000638310309  -0.000318312671
 -0.000002685566  -0.000036894466  -0.000023274416
 -0.000079652828  -0.000203747373  -0.000057627669
  0.000059652243   0.000079437704  -0.000081091725
   17    1  0.0150  0.0000  0.0000
  0.016624190942   0.053417764405   0.000000000000
 -0.002490083673  -0.002776812633   0.000000000000
 -0.002446978806  -0.000718726790   0.000000000000
  0.001739264770   0.001707794476   0.000000000000
  0.003279597218   0.002627717200   0.000000000000
  0.001657717507  -0.001075017187   0.000000000000
  0.000597365157  -0.002917876217   0.000000000000
  0.001343391044  -0.000927664696   0.000000000000
  0.020153404469  -0.017116110953   0.000000000000
  0.000444793272  -0.001708675415   0.000000000000
  0.004534762816   0.000250040651   0.000000000000
 -0.004538375980  -0.000933995913   0.000000000000
  0.002632951194  -0.002844389475   0.000000000000
 -0.000688530159  -0.001007412668   0.000000000000
  0.011167909569   0.001032744939   0.000000000000
  0.000468460857  -0.001253532496   0.000000000000
 -0.380158378734   0.144369694491   0.000000000000
  0.000910859559   0.000199275352   0.000000000000
 -0.001769929451   0.001741662191   0.000000000000
 -0.002232646996  -0.001255223789   0.000000000000
  0.002680921252  -0.000020594614   0.000000000000
  0.121221483750  -0.107391849024   0.000000000000
  0.003548799742   0.001187899146   0.000000000000
  0.003578624714  -0.000290745954   0.000000000000
  0.134572875129  -0.015142210756   0.000000000000
 -0.000080540044   0.000163658668   0.000000000000
 -0.000391489478   0.001048894760   0.000000000000
  0.003853590133  -0.001655977692   0.000000000000
 -0.005138173394   0.002671617638   0.000000000000
  0.004664317501  -0.004628529160   0.000000000000
 -0.005168943597   0.003817021610   0.000000000000
  0.004716930645   0.003117876285   0.000000000000
  0.024674328889  -0.029879337652   0.016917971800
  0.000304412537   0.000862192518   0.000713339592
  0.000525937751   0.000445220651   0.000142100453
 -0.000280165702  -0.000173054307  -0.000043979928
 -0.000420178262   0.000011937513   0.000850704143
  0.003124134039  -0.001468057707  -0.001694859427
  0.000712049354  -0.000969068833   0.000764252013
 -0.001661771198  -0.000914116903  -0.000011712567
  0.024674328889  -0.029879337652  -0.016917971800
  0.000304412537   0.000862192518  -0.000713339592
  0.000525937751   0.000445220651  -0.000142100453
 -0.000280165702  -0.000173054307   0.000043979928
 -0.000420178262   0.000011937513  -0.000850704143
  0.003124134039  -0.001468057707   0.001694859427
  0.000712049354  -0.000969068833  -0.000764252013
 -0.001661771198  -0.000914116903   0.000011712567
 -0.001898269321   0.005492813490   0.000000000000
 -0.000649652381   0.003052782556   0.000000000000
  0.000047818870  -0.003528661016   0.000000000000
 -0.001314031152   0.001053358202   0.000000000000
  0.007455072707  -0.004029524037   0.000000000000
  0.000936714920   0.000294611916   0.000000000000
 -0.000540730135  -0.001655269200   0.000000000000
  0.000883460379   0.000597798063   0.000000000000
  0.001180395381   0.002869154868   0.001264128820
 -0.000044554249  -0.000151407767   0.000051929815
 -0.000079228302  -0.000023146073   0.000084402664
 -0.000127300459   0.000009232266  -0.000018974945
 -0.000245274325   0.000444742968   0.000033201884
 -0.000779961874   0.001050259117  -0.000088573264
  0.000613488493   0.000348743772  -0.000082284996
  0.000399425520   0.000053592395   0.000040778583
  0.001180395381   0.002869154868  -0.001264128820
 -0.000044554249  -0.000151407767  -0.000051929815
 -0.000079228302  -0.000023146073  -0.000084402664
 -0.000127300459   0.000009232266   0.000018974945
 -0.000245274325   0.000444742968  -0.000033201884
 -0.000779961874   0.001050259117   0.000088573264
  0.000613488493   0.000348743772   0.000082284996
  0.000399425520   0.000053592395  -0.000040778583
   17    2  0.0000  0.0150  0.0000
  0.038469921891   0.158007488461  -0.000000000000
  0.002086007245   0.002413337514  -0.000000000000
  0.001528333418  -0.000474030080  -0.000000000000
  0.000924824171   0.001775501396  -0.000000000000
  0.001126004712  -0.019744296425  -0.000000000000
 -0.005034153314   0.010286010041  -0.000000000000
 -0.001219862937  -0.002946954840  -0.000000000000
 -0.000526889686   0.000717602170  -0.000000000000
 -0.006651136622   0.020485429391  -0.000000000000
 -0.001564748187   0.001759243667  -0.000000000000
  0.000645650732  -0.000865207773  -0.000000000000
  0.001757312041   0.000565692831  -0.000000000000
 -0.000219179444  -0.004618813393  -0.000000000000
 -0.001223465863  -0.005858874915  -0.000000000000
  0.000614861148   0.001275554760  -0.000000000000
  0.000969344363   0.000555248999  -0.000000000000
  0.144205443158  -0.450011106722  -0.000000000000
  0.000127529497   0.000833092593  -0.000000000000
  0.001771685642   0.002054960717  -0.000000000000
 -0.001303258822  -0.001482238386  -0.000000000000
 -0.000076342985   0.003745179363  -0.000000000000
 -0.107278648133   0.140771885467  -0.000000000000
  0.001105638443   0.002766260428  -0.000000000000
 -0.000182736969  -0.001568751846  -0.000000000000
  0.015105868469   0.022991104810  -0.000000000000
 -0.000074142011  -0.002072793276  -0.000000000000
 -0.001127379468  -0.001948511096  -0.000000000000
  0.001700093512   0.000614328846  -0.000000000000
 -0.003826418215   0.002309147031  -0.000000000000
 -0.003210357626   0.001792578196  -0.000000000000
 -0.002527216648   0.002345943214  -0.000000000000
  0.004471877787   0.001683309433  -0.000000000000
 -0.027615338866   0.029935317711  -0.017937889356
 -0.000311491401  -0.000974727822  -0.001286029054
  0.000315680836  -0.000187877980  -0.000469760816
 -0.000258098538   0.000358074031  -0.000570591804
  0.001011303450  -0.002808665740   0.000356009683
 -0.001223895122   0.002530926942  -0.000388791302
 -0.000541698527  -0.000404964877   0.000183606433
 -0.000549147353   0.000704164057   0.000735214519
 -0.027615338866   0.029935317711   0.017937889356
 -0.000311491401  -0.000974727822   0.001286029054
  0.000315680836  -0.000187877980   0.000469760816
 -0.000258098538   0.000358074031   0.000570591804
  0.001011303450  -0.002808665740  -0.000356009683
 -0.001223895122   0.002530926942   0.000388791302
 -0.000541698527  -0.000404964877  -0.000183606433
 -0.000549147353   0.000704164057  -0.000735214519
  0.005461233960   0.012326408257  -0.000000000000
  0.005044530579   0.000466337174  -0.000000000000
  0.001568814164   0.005291948770  -0.000000000000
  0.000380823739  -0.001269340251  -0.000000000000
 -0.039054615599   0.031459162553  -0.000000000000
  0.001397118611   0.003905859081  -0.000000000000
 -0.001436250771   0.001892678791  -0.000000000000
 -0.001050326865  -0.002430845975  -0.000000000000
  0.001598570026   0.001108066731  -0.001517040786
  0.000154535526   0.000118136635  -0.000182410539
  0.000149314135   0.000118944004  -0.000087577233
  0.000368460207  -0.000312291245   0.000001173890
 -0.000428362085   0.000897939914  -0.000142778500
  0.000834785496  -0.001387823987   0.000267496469
 -0.000172975631   0.000565352274   0.000085092929
  0.000230464290  -0.000160335138  -0.000178283606
  0.001598570026   0.001108066731   0.001517040786
  0.000154535526   0.000118136635   0.000182410539
  0.000149314135   0.000118944004   0.000087577233
  0.000368460207  -0.000312291245  -0.000001173890
 -0.000428362085   0.000897939914   0.000142778500
  0.000834785496  -0.001387823987  -0.000267496469
 -0.000172975631   0.000565352274  -0.000085092929
  0.000230464290  -0.000160335138   0.000178283606
   17    3  0.0000  0.0000  0.0150
 -0.000171070322   0.000009717638  -0.005099757357
  0.000149587001   0.000122427849  -0.000108155673
  0.000067769922   0.000025954599  -0.000242260546
 -0.000065767709   0.000022674966  -0.001131696134
  0.000108269979  -0.000034712115   0.013857458557
 -0.000130555205  -0.000152902785   0.000103771834
 -0.000054484762   0.000073931871   0.004356946397
  0.000010919649  -0.000085735893  -0.001272350444
  0.000177386468  -0.000119795786   0.003461417037
 -0.000163726434   0.000118388717   0.001167910695
 -0.000062289197  -0.000001283179   0.000843690221
  0.000070020395  -0.000000593000   0.001451222756
  0.000069625058   0.000111578382  -0.005518920117
 -0.000040971807  -0.000056281373  -0.001731786301
 -0.000181441917   0.000112493679  -0.006150906572
  0.000084172669  -0.000079051763   0.001640477024
 -0.000052856153  -0.000005378259  -0.140692928132
  0.000047515760  -0.000109296268  -0.000266971510
  0.000011741464  -0.000034137121   0.002979135695
 -0.000016818428   0.000009297875   0.000938168127
  0.000004051939   0.000068306595   0.004417542371
 -0.000154707697   0.000177630462   0.039707733380
  0.000019039620  -0.000073390812  -0.002892275056
 -0.000042663788   0.000064564788  -0.001783103244
  0.000124425033   0.000056532964  -0.016463424268
 -0.000046136167  -0.000104760681   0.000205768486
 -0.000013725787  -0.000031509498  -0.002223153455
  0.000011175608   0.000011548688   0.003896053246
 -0.000024917094  -0.000088702760  -0.002012327513
  0.000129797837   0.000098728437   0.002788216319
  0.000015680447   0.000001516105  -0.001998559382
 -0.000023860911  -0.000002051667   0.002780541970
  0.016525221022  -0.027130986162   0.060515640838
  0.000608667570  -0.000269739810  -0.000095973658
 -0.002650542062   0.000727868987   0.000291687870
  0.001610169386   0.000451071165  -0.001210680866
 -0.003204848519   0.003971572568   0.000772691762
  0.004255379582  -0.003553419090  -0.001098201637
 -0.001508627253  -0.000867650693   0.000839041062
  0.001590488789  -0.000231431665   0.000066684239
 -0.016460339242   0.027439579817   0.060111695390
 -0.000600301423   0.000100019221   0.000193404821
  0.002640722467  -0.000741264293   0.000333783570
 -0.001623846205  -0.000424328567  -0.001231207454
  0.003197358850  -0.003981495134   0.000787204696
 -0.004140435623   0.003555505836  -0.001310078680
  0.001574835999   0.000800773044   0.000901601194
 -0.001663289775   0.000274931265  -0.000048194641
 -0.000148523859  -0.000021730541  -0.008075391444
  0.000067290531  -0.000029221908  -0.002831674516
  0.000061542974   0.000038168772   0.003623731284
 -0.000092712643  -0.000043697796  -0.000120493591
  0.000103531680  -0.000363580711  -0.006292177435
 -0.000003644176   0.000159418958  -0.000267451525
  0.000006252523   0.000074578912  -0.001494112082
  0.000008171381  -0.000077794770  -0.000177517479
 -0.006173556316   0.007538410677   0.000921983718
  0.000028772405   0.000066860800  -0.000069841397
  0.000027727034   0.000019612572  -0.000068178607
  0.000044180242  -0.000047294847  -0.000043984099
  0.000230040481  -0.000171323904  -0.000084814152
  0.000122208986  -0.000089174737  -0.000167727816
  0.000222098363  -0.000072864978  -0.000124223890
 -0.000083228136  -0.000062856355  -0.000058975818
  0.006179384695  -0.007547000781   0.000995023246
 -0.000029741380  -0.000032390100  -0.000047277792
 -0.000032196992  -0.000006038018  -0.000088603935
 -0.000047709610   0.000038427848   0.000010916245
 -0.000211017261   0.000200530372  -0.000081504629
 -0.000132849988   0.000064099337  -0.000159730219
 -0.000244607471   0.000085985592  -0.000104308848
  0.000092787505   0.000052158460  -0.000020242133
   33    1  0.0150  0.0000  0.0000
  0.025174248637   0.009451395482   0.013515883864
 -0.000122600756   0.000340416584   0.001148286172
 -0.002168178470  -0.000283926415   0.000872499575
  0.000099105242   0.000289567741   0.000727986770
  0.006468730034   0.004988782617   0.003484645808
  0.000038453480   0.000181900654   0.000655443636
 -0.000869070123   0.000924129659  -0.005677637843
  0.000072261110   0.001607824598   0.000457704353
  0.025161563512  -0.009446136788  -0.013401642544
 -0.000114762004  -0.000354773613  -0.001134959756
 -0.002181959914   0.000299868742  -0.000859388385
  0.000117491342  -0.000313287519  -0.000703953858
 -0.000852604690  -0.000933404539   0.005698992563
  0.000066195224  -0.001586188572  -0.000441485923
  0.006482830895  -0.004993529698  -0.003461809215
  0.000020379895  -0.000175215716  -0.000667699818
  0.024691951035  -0.027646104830   0.016295735077
  0.000295445475  -0.000307848569   0.000608873981
  0.000496834572   0.000320603402  -0.002642590148
 -0.000291036275  -0.000262686462   0.001626993295
 -0.000391820305   0.000972134775  -0.003197974971
  0.003113255735  -0.001140417912   0.004049767769
  0.000694356872  -0.000518663691  -0.001541485623
 -0.001687052433  -0.000592162440   0.001642242125
  0.024684307875   0.027630565769  -0.016477795493
  0.000300679544   0.000319272091  -0.000591291799
  0.000491667848  -0.000328483476   0.002662058506
 -0.000285491375   0.000275843604  -0.001606263917
  0.000701803783   0.000532534976   0.001557794309
 -0.001681617771   0.000583211966  -0.001625410831
 -0.000384698221  -0.000961562479   0.003203916860
  0.003121722083   0.001136075344  -0.004210086735
 -0.163712386879  -0.000092911400  -0.000016126642
 -0.001070624369   0.000004875805   0.000001662164
  0.003024013793  -0.000004799739  -0.000014696294
 -0.000283877068   0.000000887907   0.000010110801
  0.003674418020  -0.003462713381  -0.001752178302
 -0.000149368735  -0.000823007472  -0.000159648054
  0.003676363194   0.003459874830   0.001775042160
 -0.000187377050   0.000769750522   0.000143178091
  0.002545226449   0.000093088763  -0.000003177382
  0.000575039963  -0.000000702490  -0.000006883402
 -0.001821915691  -0.000004449772   0.000005634676
  0.000320568274   0.000005206524  -0.000013731142
 -0.003662699072   0.000931386449  -0.001430577492
  0.000297908452   0.000696494819   0.000548415584
 -0.003659948119  -0.000911761564   0.001415025858
  0.000349108977  -0.000674223148  -0.000545089991
  0.001989648749   0.006042181369   0.009824910678
  0.000841244021   0.000414032214  -0.000008834510
  0.001984520520  -0.006060722677  -0.009796964906
  0.000854593385  -0.000398551710   0.000037187510
  0.010686746714   0.000008371687   0.000086247419
  0.000519309957  -0.000006927130  -0.000000812595
 -0.000000186800   0.000009274576   0.000009985552
  0.000067422380  -0.000010897495   0.000013138875
  0.000296796622   0.000036189775  -0.000030327113
  0.000060837183  -0.000002356365  -0.000006976633
 -0.000129530203   0.000000213420  -0.000007922752
  0.000101848818   0.000000154148  -0.000003147674
  0.000258990823   0.000753900518   0.000193682044
  0.000128489212  -0.000263840896   0.000069957132
  0.000261582781  -0.000757829616  -0.000184527330
  0.000116256919   0.000253674413  -0.000072452546
  0.029686937512  -0.000029903605  -0.000025685442
  0.000109279629   0.000000790260  -0.000003945242
 -0.000088626430   0.000000183815  -0.000009224645
  0.000107436897  -0.000001755575  -0.000004290461
  0.000432932082   0.000486064070  -0.000063135330
  0.000047132491  -0.000120312722  -0.000099394761
  0.000428895508  -0.000483154146   0.000059363444
  0.000060599237   0.000134489732   0.000098860852
   33    2  0.0000  0.0150  0.0000
  0.005216503626   0.012899490244   0.006030283666
  0.000138093639  -0.000060601493   0.000376617037
  0.001535302909   0.000099094120  -0.000248657148
 -0.000142353672  -0.000780480506   0.000405293450
  0.009360289183   0.012483885221   0.018111291791
 -0.000472382957  -0.001834153707   0.001301875386
 -0.002969105167   0.001968296233  -0.001558831467
  0.000273494684  -0.000471533806   0.000121335790
 -0.005216503626   0.012899490244   0.006030283666
 -0.000138093639  -0.000060601493   0.000376617037
 -0.001535302909   0.000099094120  -0.000248657148
  0.000142353672  -0.000780480506   0.000405293450
  0.002969105167   0.001968296233  -0.001558831467
 -0.000273494684  -0.000471533806   0.000121335790
 -0.009360289183   0.012483885221   0.018111291791
  0.000472382957  -0.001834153707   0.001301875386
 -0.029851358738   0.029954369100  -0.027245308751
  0.000793418925  -0.001025727614  -0.000181328333
  0.000433064037  -0.000103325832   0.000729386995
 -0.000171195243   0.000303390302   0.000439603784
 -0.000025404884  -0.002856411166   0.003993040751
 -0.001429927958   0.002523599987  -0.003546423113
 -0.000977878679  -0.000432881658  -0.000815796764
 -0.000906048887   0.000723551056  -0.000248329013
  0.029851358738   0.029954369100  -0.027245308751
 -0.000793418925  -0.001025727614  -0.000181328333
 -0.000433064037  -0.000103325832   0.000729386995
  0.000171195243   0.000303390302   0.000439603784
  0.000977878679  -0.000432881658  -0.000815796764
  0.000906048887   0.000723551056  -0.000248329013
  0.000025404884  -0.002856411166   0.003993040751
  0.001429927958   0.002523599987  -0.003546423113
 -0.000000000000  -0.151276571634   0.056702124635
 -0.000000000000  -0.000339776799  -0.000636927362
 -0.000000000000   0.001135229300   0.000585361612
 -0.000000000000  -0.000397183987  -0.000500549599
 -0.003464376412   0.003936654341  -0.001370249833
 -0.000766826663  -0.000059234859  -0.000067710830
  0.003464376412   0.003936654341  -0.001370249833
  0.000766826663  -0.000059234859  -0.000067710830
 -0.000000000000   0.006290215111   0.004909779323
 -0.000000000000   0.000956287100   0.000209808418
 -0.000000000000  -0.003229097802   0.001095594293
 -0.000000000000   0.000427264764  -0.000485537317
  0.000899670707  -0.002219825903  -0.001208427647
  0.000682455586  -0.000059908748  -0.000995633743
 -0.000899670707  -0.002219825903  -0.001208427647
 -0.000682455586  -0.000059908748  -0.000995633743
 -0.002569299734   0.000726359229  -0.004540567197
 -0.000272453074   0.000815886055   0.000216371473
  0.002569299734   0.000726359229  -0.004540567197
  0.000272453074   0.000815886055   0.000216371473
 -0.000000000000  -0.001697057871  -0.016899153804
 -0.000000000000   0.000453622093   0.000349677141
 -0.000000000000   0.002263396069  -0.003858144071
 -0.000000000000   0.000664837646   0.000752841266
 -0.000000000000  -0.000701431667   0.000261094057
 -0.000000000000  -0.000001321076  -0.000031986534
 -0.000000000000   0.000399138133  -0.000134486465
 -0.000000000000   0.000105111811   0.000000383960
  0.001085754062  -0.000152937293   0.000153022550
 -0.000113853209   0.000237405663  -0.000048648871
 -0.001085754062  -0.000152937293   0.000153022550
  0.000113853209   0.000237405663  -0.000048648871
 -0.000000000000   0.030576011619  -0.022364814177
 -0.000000000000  -0.000117313555   0.000059464743
 -0.000000000000   0.000337399801   0.000130634807
 -0.000000000000   0.000168712722   0.000048029288
  0.000787278809   0.000124740119  -0.000045516537
 -0.000129842883   0.000251565022   0.000146709468
 -0.000787278809   0.000124740119  -0.000045516537
  0.000129842883   0.000251565022   0.000146709468
   33    3  0.0000  0.0000  0.0150
  0.013410049258   0.002909925240   0.041567048449
  0.000852695753   0.001101141076  -0.000013618270
  0.001288132993   0.000604885882  -0.001200211354
 -0.000173863859   0.001173933729  -0.000765529625
 -0.000929465060  -0.000200506630   0.005612105265
 -0.000570653391   0.000553507276   0.000553948493
 -0.001171192119  -0.000685882682  -0.000036736975
  0.000661551132  -0.000322455062   0.001443426805
 -0.013410049258   0.002909925240   0.041567048449
 -0.000852695753   0.001101141076  -0.000013618270
 -0.001288132993   0.000604885882  -0.001200211354
  0.000173863859   0.001173933729  -0.000765529625
  0.001171192119  -0.000685882682  -0.000036736975
 -0.000661551132  -0.000322455062   0.001443426805
  0.000929465060  -0.000200506630   0.005612105265
  0.000570653391   0.000553507276   0.000553948493
  0.017096172380  -0.017984622459   0.060234883819
  0.000537151726  -0.001151957919   0.000051971276
  0.000205792588  -0.000476424221   0.000310450750
 -0.000134177761  -0.000523063309  -0.001204276434
  0.000752975434   0.000370588990   0.000778133322
 -0.001507646612  -0.000502944443  -0.001191485178
  0.000740896262   0.000157228706   0.000868951511
  0.000113419065   0.000715937406   0.000020514098
 -0.017096172380  -0.017984622459   0.060234883819
 -0.000537151726  -0.001151957919   0.000051971276
 -0.000205792588  -0.000476424221   0.000310450750
  0.000134177761  -0.000523063309  -0.001204276434
 -0.000740896262   0.000157228706   0.000868951511
 -0.000113419065   0.000715937406   0.000020514098
 -0.000752975434   0.000370588990   0.000778133322
  0.001507646612  -0.000502944443  -0.001191485178
  0.000000000000   0.056488565158  -0.631047649848
  0.000000000000  -0.000544304769  -0.001693358309
  0.000000000000   0.000481194954  -0.000778708919
  0.000000000000  -0.000400476036  -0.000580328768
 -0.001726532171  -0.001302594501  -0.001464372680
 -0.000173569441  -0.000116861238   0.000747294820
  0.001726532171  -0.001302594501  -0.001464372680
  0.000173569441  -0.000116861238   0.000747294820
  0.000000000000  -0.005065157257   0.069180672085
  0.000000000000  -0.000119299127   0.000907083656
  0.000000000000  -0.001171994863   0.002254717680
  0.000000000000   0.000570062131   0.001884096090
  0.001438574946   0.001277779127  -0.005391491600
 -0.000548806062   0.000932906375  -0.003021931359
 -0.001438574946   0.001277779127  -0.005391491600
  0.000548806062   0.000932906375  -0.003021931359
 -0.000567833917  -0.001018747169   0.000773815033
  0.000319643648  -0.000465901271   0.000767870082
  0.000567833917  -0.001018747169   0.000773815033
 -0.000319643648  -0.000465901271   0.000767870082
  0.000000000000  -0.002144169021   0.015026745542
  0.000000000000   0.000858541262   0.000827522387
  0.000000000000   0.001184485584  -0.001741045389
  0.000000000000  -0.001002157120   0.000129681325
  0.000000000000   0.002683081407   0.005121009111
  0.000000000000   0.000073625015  -0.000153655434
  0.000000000000   0.000062700647  -0.000172346593
  0.000000000000  -0.000099680510  -0.000084806123
  0.000187058052   0.000016848953  -0.000041476350
  0.000007582414  -0.000187541463  -0.000132130112
 -0.000187058052   0.000016848953  -0.000041476350
 -0.000007582414  -0.000187541463  -0.000132130112
  0.000000000000  -0.021596646075   0.338937580130
  0.000000000000   0.000092432806   0.000382813032
  0.000000000000   0.000114292704   0.000409163213
  0.000000000000  -0.000148261612   0.000195375097
  0.000219108680   0.000309630267   0.000689621215
  0.000186859071  -0.000343228296   0.000540945017
 -0.000219108680   0.000309630267   0.000689621215
 -0.000186859071  -0.000343228296   0.000540945017
   49    1  0.0150  0.0000  0.0000
  0.141132538310   0.031401840873  -0.000000000000
 -0.000034042194  -0.000843434147  -0.000000000000
  0.006670214896   0.007812003425  -0.000000000000
  0.002537523454   0.001735040308  -0.000000000000
  0.146663905638  -0.086963664123  -0.000000000000
 -0.001383838780   0.000172375091  -0.000000000000
  0.005278379057  -0.002718910877  -0.000000000000
 -0.001624567974   0.001187230346  -0.000000000000
  0.006717055351  -0.007713259997  -0.000000000000
  0.002425857526  -0.001766654588  -0.000000000000
  0.141053832166  -0.031392485153  -0.000000000000
  0.000042362440   0.000897879332  -0.000000000000
  0.146850504642   0.086858600261  -0.000000000000
 -0.001554598607  -0.000073246300  -0.000000000000
  0.005024822117   0.002817738082  -0.000000000000
 -0.001391553483  -0.001284849177  -0.000000000000
 -0.001767098623   0.005615597328  -0.000000000000
 -0.000604912962   0.004913086118  -0.000000000000
  0.000053802450   0.001420636129  -0.000000000000
 -0.001372817780   0.000435906609  -0.000000000000
  0.007306189990  -0.039109798116  -0.000000000000
  0.000954115584   0.001369920558  -0.000000000000
 -0.000588866047  -0.001511815813  -0.000000000000
  0.000821784363  -0.000961465670  -0.000000000000
 -0.000035198146  -0.001531095896  -0.000000000000
 -0.001368446245  -0.000429322611  -0.000000000000
 -0.001805991364  -0.005576873212  -0.000000000000
 -0.000646606799  -0.005047525739  -0.000000000000
  0.007386987599   0.039242920671  -0.000000000000
  0.000901810235  -0.001466661107  -0.000000000000
 -0.000684450736   0.001346168430  -0.000000000000
  0.000929401106   0.001144484023  -0.000000000000
  0.002118733330  -0.002448078271  -0.000582075295
  0.000837250260  -0.000267467287   0.000311058694
  0.002115389572   0.002479614063   0.000575810004
  0.000818864182   0.000265432038  -0.000326297270
  0.010590182163   0.000019703019   0.000054628800
  0.000522336182  -0.000019136088  -0.000067024446
  0.000010334889  -0.000051658830  -0.000117978589
  0.000043831140   0.000043348685   0.000082296407
  0.002118733330  -0.002448078271   0.000582075295
  0.000837250260  -0.000267467287  -0.000311058694
  0.002115389572   0.002479614063  -0.000575810004
  0.000818864182   0.000265432038   0.000326297270
  0.010590182163   0.000019703019  -0.000054628800
  0.000522336182  -0.000019136088   0.000067024446
  0.000010334889  -0.000051658830   0.000117978589
  0.000043831140   0.000043348685  -0.000082296407
 -0.676131654688  -0.000100616943  -0.000000000000
  0.000124097852   0.000094996533  -0.000000000000
 -0.000787907514   0.000137364735  -0.000000000000
  0.000824295740  -0.000131449891  -0.000000000000
  0.015643488235   0.003463431057  -0.000000000000
 -0.000340495719  -0.000380501426  -0.000000000000
  0.015756008448  -0.003462256601  -0.000000000000
 -0.000474020603   0.000390866586  -0.000000000000
  0.000023576086   0.001159713778  -0.000295829027
 -0.000034193844   0.000111547804   0.000040924964
  0.000008819443  -0.001173557121   0.000249762240
 -0.000018875869  -0.000110155529   0.000008938341
  0.001776856990  -0.000019067892   0.000027923982
 -0.000083742615   0.000015841333   0.000000879645
  0.000180544490  -0.000000715316  -0.000005514642
 -0.000160860866  -0.000001463939   0.000029185990
  0.000023576086   0.001159713778   0.000295829027
 -0.000034193844   0.000111547804  -0.000040924964
  0.000008819443  -0.001173557121  -0.000249762240
 -0.000018875869  -0.000110155529  -0.000008938341
  0.001776856990  -0.000019067892  -0.000027923982
 -0.000083742615   0.000015841333  -0.000000879645
  0.000180544490  -0.000000715316   0.000005514642
 -0.000160860866  -0.000001463939  -0.000029185990
   49    2  0.0000  0.0150  0.0000
  0.038653514283   0.023404052696  -0.000000000000
  0.000772355589  -0.002513493930  -0.000000000000
  0.004991207109  -0.006938123558  -0.000000000000
  0.000895262675   0.000900988219  -0.000000000000
 -0.099534197426   0.050645308584  -0.000000000000
 -0.003489763531  -0.002031717474  -0.000000000000
 -0.003846044049  -0.004748192658  -0.000000000000
  0.000502138498   0.003378871597  -0.000000000000
 -0.004991207109  -0.006938123558  -0.000000000000
 -0.000895262675   0.000900988219  -0.000000000000
 -0.038653514283   0.023404052696  -0.000000000000
 -0.000772355589  -0.002513493930  -0.000000000000
  0.099534197426   0.050645308584  -0.000000000000
  0.003489763531  -0.002031717474  -0.000000000000
  0.003846044049  -0.004748192658  -0.000000000000
 -0.000502138498   0.003378871597  -0.000000000000
  0.005567455034   0.012315648208  -0.000000000000
  0.002961376572   0.000564224916  -0.000000000000
 -0.003439569546   0.005333701923  -0.000000000000
  0.000985473697  -0.001274192236  -0.000000000000
 -0.004109052755   0.031765977532  -0.000000000000
  0.000421486589   0.003809734203  -0.000000000000
 -0.001686096804   0.001889185088  -0.000000000000
  0.000670097446  -0.002379034144  -0.000000000000
  0.003439569546   0.005333701923  -0.000000000000
 -0.000985473697  -0.001274192236  -0.000000000000
 -0.005567455034   0.012315648208  -0.000000000000
 -0.002961376572   0.000564224916  -0.000000000000
  0.004109052755   0.031765977532  -0.000000000000
 -0.000421486589   0.003809734203  -0.000000000000
  0.001686096804   0.001889185088  -0.000000000000
 -0.000670097446  -0.002379034144  -0.000000000000
  0.006059121543   0.000654217601  -0.001028437781
  0.000441335094   0.000882998246  -0.000466012283
 -0.006059121543   0.000654217601  -0.001028437781
 -0.000441335094   0.000882998246  -0.000466012283
 -0.000000000000  -0.001575018620  -0.002100619216
 -0.000000000000   0.000351045090   0.000859236967
 -0.000000000000   0.002376012621   0.001222986755
 -0.000000000000   0.000593378375  -0.000979304485
  0.006059121543   0.000654217601   0.001028437781
  0.000441335094   0.000882998246   0.000466012283
 -0.006059121543   0.000654217601   0.001028437781
 -0.000441335094   0.000882998246   0.000466012283
 -0.000000000000  -0.001575018620   0.002100619216
 -0.000000000000   0.000351045090  -0.000859236967
 -0.000000000000   0.002376012621  -0.001222986755
 -0.000000000000   0.000593378375   0.000979304485
 -0.000000000000  -0.267158347058  -0.000000000000
 -0.000000000000  -0.001301387614  -0.000000000000
 -0.000000000000  -0.000384748869  -0.000000000000
 -0.000000000000  -0.001999354062  -0.000000000000
  0.003475495255   0.012123942496  -0.000000000000
 -0.000406151831   0.001704354282  -0.000000000000
 -0.003475495255   0.012123942496  -0.000000000000
  0.000406151831   0.001704354282  -0.000000000000
 -0.002523696655   0.000201052859   0.000026579726
 -0.000159866994  -0.000014628971  -0.000095935082
  0.002523696655   0.000201052859   0.000026579726
  0.000159866994  -0.000014628971  -0.000095935082
 -0.000000000000   0.003807918530  -0.000933025356
 -0.000000000000  -0.000195120510  -0.000228235717
 -0.000000000000  -0.000655793689  -0.000320706194
 -0.000000000000  -0.000679018213   0.000021948372
 -0.002523696655   0.000201052859  -0.000026579726
 -0.000159866994  -0.000014628971   0.000095935082
  0.002523696655   0.000201052859  -0.000026579726
  0.000159866994  -0.000014628971   0.000095935082
 -0.000000000000   0.003807918530   0.000933025356
 -0.000000000000  -0.000195120510   0.000228235717
 -0.000000000000  -0.000655793689   0.000320706194
 -0.000000000000  -0.000679018213  -0.000021948372
   49    3  0.0000  0.0000  0.0150
  0.000197425914  -0.000027588725   0.001269037737
 -0.000048822837   0.000072781038  -0.000526674361
 -0.000027131956  -0.000004978715   0.001966713981
  0.000070032019   0.000023960517  -0.000929775557
 -0.000207100021   0.000075652165   0.005513597945
  0.000115662362   0.000033039599  -0.000475809709
  0.000214980085   0.000106962981   0.000391804381
 -0.000159093777  -0.000086215268  -0.000346955914
  0.000027131956  -0.000004978715   0.001966713981
 -0.000070032019   0.000023960517  -0.000929775557
 -0.000197425914  -0.000027588725   0.001269037737
  0.000048822837   0.000072781038  -0.000526674361
  0.000207100021   0.000075652165   0.005513597945
 -0.000115662362   0.000033039599  -0.000475809709
 -0.000214980085   0.000106962981   0.000391804381
  0.000159093777  -0.000086215268  -0.000346955914
 -0.000069666787  -0.000092431660  -0.008043247395
 -0.000039415070  -0.000001100094  -0.002795186960
 -0.000013036939  -0.000023717733   0.003607256701
 -0.000005492929   0.000048363742  -0.000092081064
 -0.000133856120   0.000006967626  -0.006217711527
  0.000019330129  -0.000103617839  -0.000241581831
  0.000065096657  -0.000130879179  -0.001455481922
 -0.000070943521   0.000118966541  -0.000162285226
  0.000013036939  -0.000023717733   0.003607256701
  0.000005492929   0.000048363742  -0.000092081064
  0.000069666787  -0.000092431660  -0.008043247395
  0.000039415070  -0.000001100094  -0.002795186960
  0.000133856120   0.000006967626  -0.006217711527
 -0.000019330129  -0.000103617839  -0.000241581831
 -0.000065096657  -0.000130879179  -0.001455481922
  0.000070943521   0.000118966541  -0.000162285226
  0.009690882432  -0.004534910247   0.000741066120
 -0.000029087747   0.000222916134   0.000750968502
 -0.009690882432  -0.004534910247   0.000741066120
  0.000029087747   0.000222916134   0.000750968502
 -0.000000000000  -0.016700719273   0.015042586490
 -0.000000000000   0.000327221965   0.000732127503
 -0.000000000000  -0.003895927979  -0.001875817728
 -0.000000000000   0.000825398633   0.000292441135
 -0.009859801704   0.004487285487   0.000773881536
  0.000040230261  -0.000224516735   0.000787845917
  0.009859801704   0.004487285487   0.000773881536
 -0.000040230261  -0.000224516735   0.000787845917
 -0.000000000000   0.016647619754   0.014970314809
 -0.000000000000  -0.000370971285   0.000919121213
 -0.000000000000   0.003759509179  -0.001588865630
 -0.000000000000  -0.000686990372  -0.000026989473
 -0.000000000000  -0.000278773369  -0.040325739696
 -0.000000000000   0.000129488873  -0.001092042070
 -0.000000000000   0.000217800747   0.004874860502
 -0.000000000000  -0.000176310325  -0.000232655988
 -0.000124635611   0.000102698518   0.007503493800
  0.000054119450   0.000015258656   0.000104357122
  0.000124635611   0.000102698518   0.007503493800
 -0.000054119450   0.000015258656   0.000104357122
  0.000285441854  -0.000355396105  -0.000006762225
 -0.000045181310   0.000011741238  -0.000107851969
 -0.000285441854  -0.000355396105  -0.000006762225
  0.000045181310   0.000011741238  -0.000107851969
 -0.000000000000   0.010909746479   0.002368016130
 -0.000000000000   0.000074692120  -0.000096527517
 -0.000000000000   0.000043930687  -0.000069591442
 -0.000000000000   0.000018420018  -0.000039916762
 -0.000291364069   0.000333464463  -0.000036176130
  0.000023675472   0.000008818117  -0.000059120735
  0.000291364069   0.000333464463  -0.000036176130
 -0.000023675472   0.000008818117  -0.000059120735
 -0.000000000000  -0.010927551892   0.002319884341
 -0.000000000000  -0.000039345616   0.000004846782
 -0.000000000000  -0.000007360936   0.000045709274
 -0.000000000000  -0.000036926451  -0.000048404306
   57    1  0.0150  0.0000  0.0000
  0.002020681713  -0.001320325572  -0.010994826740
  0.000053817238  -0.000094600164   0.000047967537
 -0.000065090381   0.000193745765   0.000014358967
 -0.000029444853  -0.000345137936  -0.000014718304
 -0.002736941908  -0.000831293092   0.000641213118
  0.000098459355   0.000265508773   0.000002637424
  0.000053001507  -0.000410850619  -0.000070987274
 -0.000145362759  -0.000362719029   0.000062266756
  0.002011678904   0.001334217416   0.010987864532
  0.000069548594   0.000076139160  -0.000035198463
 -0.000050384204  -0.000203162522  -0.000049534728
 -0.000034721916   0.000346933955   0.000024299215
  0.000067078863   0.000384296190   0.000052541596
 -0.000141819887   0.000372958106  -0.000052794046
 -0.002707666977   0.000811967925  -0.000650107548
  0.000083942804  -0.000264083903   0.000001418337
  0.001278343372   0.001665772208  -0.006168967664
 -0.000053480122   0.000162658521   0.000055667921
 -0.000089439016   0.000148560717   0.000028553520
 -0.000133481118   0.000374304414   0.000058337706
 -0.000252378784  -0.000409877106  -0.000134252721
 -0.000810960360   0.000897710919  -0.000115506986
  0.000600612241  -0.000158147023  -0.000206872968
  0.000399550588   0.000197953075   0.000086272797
  0.001273815255  -0.001661865666   0.006207589134
 -0.000047444616  -0.000155121673  -0.000014870234
 -0.000078571509  -0.000136693958   0.000001655155
 -0.000137799369  -0.000377895176  -0.000018024621
  0.000618659235   0.000186577991   0.000306701349
  0.000391343488  -0.000209952819  -0.000075225458
 -0.000238092950   0.000427744450   0.000232847787
 -0.000815696067  -0.000894757918   0.000132032953
  0.000394742934   0.000003811486  -0.000016360515
  0.000052466964   0.000005830361   0.000007287189
 -0.000107358971   0.000012867302  -0.000007251233
  0.000109980130   0.000005953297   0.000001612695
  0.000426639603   0.000888574104   0.000266093483
  0.000063944314  -0.000127912282   0.000203724620
  0.000424164408  -0.000787208306  -0.000252153530
  0.000054487057   0.000122065810  -0.000200228798
  0.029834204733  -0.000017664354  -0.000017306627
  0.000106133129   0.000000054146  -0.000009520442
 -0.000089468830  -0.000015090996  -0.000014573763
  0.000108315055   0.000001041110   0.000005047198
  0.000254291975   0.001002675659  -0.000275455849
  0.000121366655  -0.000116926447   0.000000598550
  0.000249610822  -0.001085938651   0.000219982971
  0.000115557153   0.000110777927   0.000018491050
 -0.000057765329  -0.002544761097   0.000133330356
 -0.000018350988  -0.000159333355  -0.000039512041
 -0.000064103678   0.002530413527  -0.000315240241
 -0.000016116224   0.000167875086   0.000052309234
  0.001900030303   0.000008182569  -0.000000480650
 -0.000090203611  -0.000008545581   0.000007081461
  0.000210783863  -0.000006189335  -0.000004949064
 -0.000162430454   0.000002392625   0.000000850534
 -0.031528743836   0.000001022897   0.000028853829
 -0.000015443043  -0.000003142717  -0.000001263290
 -0.000053188530  -0.000003600723  -0.000009277156
 -0.000087358477  -0.000003813547   0.000000210848
 -0.000078948157  -0.000241113815  -0.000142402670
 -0.000011970949   0.000031956145  -0.000016912819
 -0.000077193874   0.000283472925   0.000098504282
 -0.000013220193  -0.000031634424   0.000011340854
 -0.001777032926   0.000001898753  -0.000003839553
 -0.000022878549   0.000001371872  -0.000000798312
 -0.000057765593   0.000001034338  -0.000007130190
 -0.000087857730   0.000002651503  -0.000001731202
 -0.000198826300  -0.000417895086   0.000033085041
 -0.000030561630   0.000063829955  -0.000017919860
 -0.000198307026   0.000376769750  -0.000081357819
 -0.000033380561  -0.000066317838   0.000004923379
   57    2  0.0000  0.0150  0.0000
  0.000811456665   0.001312017776  -0.003899704120
 -0.000097221502   0.000010165614  -0.000014020546
 -0.000342789209  -0.000106816671   0.000066755196
 -0.000124760766   0.000451488976  -0.000024508257
 -0.003326995264  -0.002475160285   0.000701089251
  0.000055168177   0.000427384670  -0.000049196342
  0.000703870032  -0.000732409186  -0.000201597811
  0.000336975304   0.000218146366   0.000081014828
 -0.000811456665   0.001312017776  -0.003899704120
  0.000097221502   0.000010165614  -0.000014020546
  0.000342789209  -0.000106816671   0.000066755196
  0.000124760766   0.000451488976  -0.000024508257
 -0.000703870032  -0.000732409186  -0.000201597811
 -0.000336975304   0.000218146366   0.000081014828
  0.003326995264  -0.002475160285   0.000701089251
 -0.000055168177   0.000427384670  -0.000049196342
  0.002884001758   0.001191706938   0.007492977431
 -0.000110792576   0.000057508389   0.000055272351
 -0.000029034103   0.000133629885   0.000013735719
  0.000028881503  -0.000348486615  -0.000048643673
  0.000446529678   0.000850023573   0.000189661836
  0.001043667164  -0.001374520081   0.000057437283
  0.000362828801   0.000545161892   0.000071267134
  0.000011703172  -0.000115903661   0.000052753682
 -0.002884001758   0.001191706938   0.007492977431
  0.000110792576   0.000057508389   0.000055272351
  0.000029034103   0.000133629885   0.000013735719
 -0.000028881503  -0.000348486615  -0.000048643673
 -0.000362828801   0.000545161892   0.000071267134
 -0.000011703172  -0.000115903661   0.000052753682
 -0.000446529678   0.000850023573   0.000189661836
 -0.001043667164  -0.001374520081   0.000057437283
 -0.000000000000  -0.000573806656   0.002781539881
 -0.000000000000  -0.000010030487   0.000046779402
 -0.000000000000   0.000417169308   0.000105041489
 -0.000000000000   0.000107961260  -0.000145768281
  0.000461211388   0.000094056334   0.000303789368
 -0.000113550917   0.000258424692  -0.000327239225
 -0.000461211388   0.000094056334   0.000303789368
  0.000113550917   0.000258424692  -0.000327239225
 -0.000000000000   0.030699863179   0.021535359051
 -0.000000000000  -0.000131277628  -0.000061573822
 -0.000000000000   0.000357953695  -0.000152369746
 -0.000000000000   0.000168885798   0.000211444878
  0.000741092280  -0.000175354173  -0.000009405543
 -0.000252037272   0.000255058224   0.000167240871
 -0.000741092280  -0.000175354173  -0.000009405543
  0.000252037272   0.000255058224   0.000167240871
  0.001089802106   0.000190568622  -0.000326937086
  0.000105168298  -0.000041134021   0.000013796965
 -0.001089802106   0.000190568622  -0.000326937086
 -0.000105168298  -0.000041134021   0.000013796965
 -0.000000000000   0.003633831307  -0.010794059506
 -0.000000000000  -0.000165964894  -0.000064397679
 -0.000000000000  -0.000645585133  -0.000016157941
 -0.000000000000  -0.000674908275  -0.000025346824
 -0.000000000000  -0.032111277004  -0.022214951605
 -0.000000000000  -0.000001295552   0.000057613645
 -0.000000000000  -0.000104818479   0.000038161305
 -0.000000000000  -0.000147616315   0.000042257852
 -0.000276773515   0.000062070763  -0.000041254035
  0.000034629488  -0.000065985684   0.000068169706
  0.000276773515   0.000062070763  -0.000041254035
 -0.000034629488  -0.000065985684   0.000068169706
 -0.000000000000  -0.001580431326   0.000062050005
 -0.000000000000   0.000001385846  -0.000049453183
 -0.000000000000  -0.000117532794  -0.000034017807
 -0.000000000000  -0.000150232234  -0.000036103850
 -0.000372950314  -0.000030177314   0.000005808974
  0.000064499855  -0.000077601830  -0.000041287588
  0.000372950314  -0.000030177314   0.000005808974
 -0.000064499855  -0.000077601830  -0.000041287588
   57    3  0.0000  0.0000  0.0150
  0.001636630420   0.000650905290   0.001799297101
  0.000041449724   0.000042402996  -0.000009329822
  0.000256396043   0.000164631555   0.000000704008
 -0.000076400508  -0.000021598274  -0.000005890537
  0.000356326395   0.000130809721  -0.000321300528
 -0.000050094618   0.000031270370  -0.000002467208
 -0.000281857241  -0.000047345409  -0.000032642897
  0.000099575932   0.000028330807  -0.000070207187
 -0.001636630420   0.000650905290   0.001799297101
 -0.000041449724   0.000042402996  -0.000009329822
 -0.000256396043   0.000164631555   0.000000704008
  0.000076400508  -0.000021598274  -0.000005890537
  0.000281857241  -0.000047345409  -0.000032642897
 -0.000099575932   0.000028330807  -0.000070207187
 -0.000356326395   0.000130809721  -0.000321300528
  0.000050094618   0.000031270370  -0.000002467208
  0.001369575537  -0.001685368744   0.000858462452
  0.000010965182  -0.000023775461  -0.000022091411
  0.000120050821  -0.000178397569  -0.000034791174
 -0.000090620073   0.000115711290  -0.000015865721
 -0.000036553179   0.000214797603  -0.000057986328
  0.000076838411  -0.000300425032  -0.000143521059
  0.000031436602  -0.000009037027  -0.000093172663
  0.000001681338   0.000044169469  -0.000024102661
 -0.001369575537  -0.001685368744   0.000858462452
 -0.000010965182  -0.000023775461  -0.000022091411
 -0.000120050821  -0.000178397569  -0.000034791174
  0.000090620073   0.000115711290  -0.000015865721
 -0.000031436602  -0.000009037027  -0.000093172663
 -0.000001681338   0.000044169469  -0.000024102661
  0.000036553179   0.000214797603  -0.000057986328
 -0.000076838411  -0.000300425032  -0.000143521059
 -0.000000000000   0.000206667184   0.005143947409
 -0.000000000000   0.000074380403   0.000033229512
 -0.000000000000  -0.000149234429  -0.000254567895
 -0.000000000000   0.000044795930  -0.000000141136
 -0.000099513329   0.000002567827   0.000780348521
 -0.000107898719   0.000077490480   0.000425571710
  0.000099513329   0.000002567827   0.000780348521
  0.000107898719   0.000077490480   0.000425571710
 -0.000000000000   0.022295207836   0.339460548383
 -0.000000000000   0.000040738100   0.000192881730
 -0.000000000000  -0.000164143161   0.000497326167
 -0.000000000000  -0.000001884799   0.000170009208
 -0.000163806464  -0.000056193278  -0.000163693619
 -0.000052391028  -0.000011856483  -0.000008093438
  0.000163806464  -0.000056193278  -0.000163693619
  0.000052391028  -0.000011856483  -0.000008093438
 -0.000248970499  -0.000117455064  -0.000003789443
 -0.000030938640   0.000038905595  -0.000054879245
  0.000248970499  -0.000117455064  -0.000003789443
  0.000030938640   0.000038905595  -0.000054879245
 -0.000000000000   0.001227843912   0.002165398392
 -0.000000000000   0.000029918052  -0.000005560862
 -0.000000000000   0.000364673448   0.000000858401
 -0.000000000000  -0.000074763408  -0.000024934489
 -0.000000000000  -0.022144611933  -0.352289832842
 -0.000000000000   0.000011686153  -0.000119874632
 -0.000000000000   0.000042886769  -0.000108775123
 -0.000000000000   0.000016777061   0.000027826362
  0.000030184204  -0.000003209589  -0.000196659759
 -0.000002623098  -0.000011765860  -0.000114750008
 -0.000030184204  -0.000003209589  -0.000196659759
  0.000002623098  -0.000011765860  -0.000114750008
 -0.000000000000   0.000013657397   0.000340337053
 -0.000000000000   0.000007205222   0.000032153499
 -0.000000000000   0.000043491106   0.000021607952
 -0.000000000000   0.000012513030  -0.000043461225
  0.000046120093  -0.000011160664  -0.000085977881
 -0.000001431718  -0.000013306486  -0.000022659137
 -0.000046120093  -0.000011160664  -0.000085977881
  0.000001431718  -0.000013306486  -0.000022659137
