       N       E                     dE             d eps       ncg     rms          rms(c)
DAV:   1     0.123195125738E+03    0.12320E+03   -0.24141E+04120960   0.112E+03
DAV:   2    -0.896601299967E+02   -0.21286E+03   -0.19788E+03162960   0.194E+02
