       N       E                     dE             d eps       ncg     rms          rms(c)
DAV:   1     0.123195125738E+03    0.12320E+03   -0.24141E+04120960   0.112E+03
DAV:   2    -0.896601299967E+02   -0.21286E+03   -0.19788E+03162960   0.194E+02
DAV:   3    -0.975990859427E+02   -0.79390E+01   -0.78765E+01180312   0.331E+01
DAV:   4    -0.976474614302E+02   -0.48375E-01   -0.48373E-01137832   0.298E+00
