       N       E                     dE             d eps       ncg     rms          rms(c)
DAV:   1     0.831202198305E+02    0.83120E+02   -0.20390E+04120960   0.885E+02
DAV:   2    -0.915931612986E+02   -0.17471E+03   -0.16356E+03165840   0.170E+02
DAV:   3    -0.976018124937E+02   -0.60087E+01   -0.59718E+01178752   0.280E+01
