     #     T [K]    \rho(delta_nk) [meV]
    1.5000069351E+00    3.1200000000E+00
    1.5001324317E+00    3.1500000000E+00
    1.5000126337E+00    3.2100000000E+00
    1.5000370599E+00    3.2400000000E+00
    1.5344864375E+00    3.2700000000E+00
    1.5117956474E+00    3.3000000000E+00
    1.5001002017E+00    3.3300000000E+00
    1.5657204353E+00    3.3600000000E+00
    1.6472141293E+00    3.3900000000E+00
    1.5717274949E+00    3.4200000000E+00
    1.5482252857E+00    3.4500000000E+00
    1.6434709931E+00    3.4800000000E+00
    1.7323644470E+00    3.5100000000E+00
    1.6800183081E+00    3.5400000000E+00
    1.7736844776E+00    3.5700000000E+00
    1.7908846953E+00    3.6000000000E+00
    1.8277730441E+00    3.6300000000E+00
    1.5926256824E+00    3.6600000000E+00
    1.8434372935E+00    3.6900000000E+00
    1.8246820104E+00    3.7200000000E+00
    1.5923678078E+00    3.7500000000E+00
    1.7304492494E+00    3.7800000000E+00
    1.7203284266E+00    3.8100000000E+00
    1.8433849435E+00    3.8400000000E+00
    1.8512497756E+00    3.8700000000E+00
    1.9495233718E+00    3.9000000000E+00
    1.8532429389E+00    3.9300000000E+00
    1.6197455355E+00    3.9600000000E+00
    2.0972796898E+00    3.9900000000E+00
    1.8436042364E+00    4.0200000000E+00
    1.8733951321E+00    4.0500000000E+00
    1.9514476830E+00    4.0800000000E+00
    2.2602601806E+00    4.1100000000E+00
    2.0410035986E+00    4.1400000000E+00
    1.7754149313E+00    4.1700000000E+00
    1.8528706927E+00    4.2000000000E+00
    2.2404759604E+00    4.2300000000E+00
    1.7805004225E+00    4.2600000000E+00
    1.9124890907E+00    4.2900000000E+00
    1.9298166562E+00    4.3200000000E+00
    2.0412671528E+00    4.3500000000E+00
    2.2007354656E+00    4.3800000000E+00
    1.8402906384E+00    4.4100000000E+00
    2.1933986079E+00    4.4400000000E+00
    2.2299155313E+00    4.4700000000E+00
    1.9377299422E+00    4.5000000000E+00
    1.8537467118E+00    4.5300000000E+00
    1.9085639428E+00    4.5600000000E+00
    1.7511240770E+00    4.5900000000E+00
    1.8709269537E+00    4.6200000000E+00
    1.5774479315E+00    4.6500000000E+00
    1.8309669197E+00    4.6800000000E+00
    1.6334250339E+00    4.7100000000E+00
    1.7867016095E+00    4.7400000000E+00
    1.6462789183E+00    4.7700000000E+00
    1.9426730888E+00    4.8000000000E+00
    2.0439508905E+00    4.8300000000E+00
    2.2443356752E+00    4.8600000000E+00
    1.9834504922E+00    4.8900000000E+00
    1.7488373056E+00    4.9200000000E+00
    2.1521050326E+00    4.9500000000E+00
    2.0008083896E+00    4.9800000000E+00
    2.4133284960E+00    5.0100000000E+00
    2.0180675115E+00    5.0400000000E+00
    1.8285033649E+00    5.0700000000E+00
    1.6270779156E+00    5.1000000000E+00
    1.8762982419E+00    5.1300000000E+00
    1.9100066127E+00    5.1600000000E+00
    2.0771645230E+00    5.1900000000E+00
    2.5000000000E+00    5.2200000000E+00
    1.7812755467E+00    5.2500000000E+00
    2.1380125490E+00    5.2800000000E+00
    2.2704056786E+00    5.3100000000E+00
    2.1801336605E+00    5.3400000000E+00
    2.2884471859E+00    5.3700000000E+00
    1.8152376606E+00    5.4000000000E+00
    1.6760928129E+00    5.4300000000E+00
    1.9824960943E+00    5.4600000000E+00
    2.0951970742E+00    5.4900000000E+00
    2.0301650161E+00    5.5200000000E+00
    2.3099502684E+00    5.5500000000E+00
    2.0375243561E+00    5.5800000000E+00
    1.8145587354E+00    5.6100000000E+00
    1.9901317208E+00    5.6400000000E+00
    1.8273791820E+00    5.6700000000E+00
    2.3764819014E+00    5.7000000000E+00
    2.0949274491E+00    5.7300000000E+00
    1.8679530828E+00    5.7600000000E+00
    1.7278874853E+00    5.7900000000E+00
    1.6088668852E+00    5.8200000000E+00
    1.6883599148E+00    5.8500000000E+00
    1.8170390858E+00    5.8800000000E+00
    1.8418403797E+00    5.9100000000E+00
    1.8557967334E+00    5.9400000000E+00
    1.7147475868E+00    5.9700000000E+00
    1.7601142216E+00    6.0000000000E+00
    1.7696772511E+00    6.0300000000E+00
    1.7879632994E+00    6.0600000000E+00
    1.6907322778E+00    6.0900000000E+00
    1.5935089485E+00    6.1200000000E+00
    1.7368613424E+00    6.1500000000E+00
    1.5269247557E+00    6.1800000000E+00
    1.5083886717E+00    6.2100000000E+00
    1.5168221449E+00    6.2400000000E+00
    1.5001214868E+00    6.2700000000E+00
    1.5224842314E+00    6.3000000000E+00
    1.5000119881E+00    6.3300000000E+00
