     #     T [K]    \rho(delta_nk) [meV]
    7.0001197490E+00    3.1200000000E+00
    7.0000057658E+00    3.1500000000E+00
    7.0000113771E+00    3.1800000000E+00
    7.0000316735E+00    3.2100000000E+00
    7.0159297703E+00    3.2400000000E+00
    7.0248060552E+00    3.2700000000E+00
    7.0009426656E+00    3.3000000000E+00
    7.0021492777E+00    3.3300000000E+00
    7.0956835767E+00    3.3600000000E+00
    7.1328562786E+00    3.3900000000E+00
    7.0629750288E+00    3.4200000000E+00
    7.0809030724E+00    3.4500000000E+00
    7.1850754069E+00    3.4800000000E+00
    7.1395889094E+00    3.5100000000E+00
    7.1056896107E+00    3.5400000000E+00
    7.3341186756E+00    3.5700000000E+00
    7.3412242362E+00    3.6000000000E+00
    7.1515878477E+00    3.6300000000E+00
    7.2371468918E+00    3.6600000000E+00
    7.1538733658E+00    3.6900000000E+00
    7.3141121715E+00    3.7200000000E+00
    7.1326328583E+00    3.7500000000E+00
    7.2202677624E+00    3.7800000000E+00
    7.2122272468E+00    3.8100000000E+00
    7.2933478712E+00    3.8400000000E+00
    7.3265867872E+00    3.8700000000E+00
    7.3902689851E+00    3.9000000000E+00
    7.3169455056E+00    3.9300000000E+00
    7.1503159904E+00    3.9600000000E+00
    7.4471713282E+00    3.9900000000E+00
    7.3148838929E+00    4.0200000000E+00
    7.6295516619E+00    4.0500000000E+00
    7.2959513523E+00    4.0800000000E+00
    7.5257746546E+00    4.1100000000E+00
    7.4771313719E+00    4.1400000000E+00
    7.2931161607E+00    4.1700000000E+00
    7.4193554070E+00    4.2000000000E+00
    7.5105311590E+00    4.2300000000E+00
    7.2054969058E+00    4.2600000000E+00
    7.5791339751E+00    4.2900000000E+00
    7.3280869071E+00    4.3200000000E+00
    7.4466952142E+00    4.3500000000E+00
    7.6655765887E+00    4.3800000000E+00
    7.5484164907E+00    4.4100000000E+00
    7.4235002929E+00    4.4400000000E+00
    7.5716681596E+00    4.4700000000E+00
    7.4121982872E+00    4.5000000000E+00
    7.2726834990E+00    4.5300000000E+00
    7.3536512206E+00    4.5600000000E+00
    7.2631882693E+00    4.5900000000E+00
    7.2918259743E+00    4.6200000000E+00
    7.0485181821E+00    4.6500000000E+00
    7.3650632359E+00    4.6800000000E+00
    7.0425602608E+00    4.7100000000E+00
    7.2641878018E+00    4.7400000000E+00
    7.2714269589E+00    4.7700000000E+00
    7.5241525884E+00    4.8000000000E+00
    7.5571084490E+00    4.8300000000E+00
    7.4424095775E+00    4.8600000000E+00
    7.3882796882E+00    4.8900000000E+00
    7.2956800990E+00    4.9200000000E+00
    7.6463127382E+00    4.9500000000E+00
    7.3671609529E+00    4.9800000000E+00
    7.8070838273E+00    5.0100000000E+00
    7.3510376630E+00    5.0400000000E+00
    7.2926498827E+00    5.0700000000E+00
    7.2699907470E+00    5.1000000000E+00
    7.4277268573E+00    5.1300000000E+00
    7.2974410864E+00    5.1600000000E+00
    7.6629558214E+00    5.1900000000E+00
    7.6240335973E+00    5.2200000000E+00
    7.4528859402E+00    5.2500000000E+00
    7.5445274163E+00    5.2800000000E+00
    7.5952779543E+00    5.3100000000E+00
    7.6634392785E+00    5.3400000000E+00
    7.5945544361E+00    5.3700000000E+00
    7.2914409868E+00    5.4000000000E+00
    7.3559140585E+00    5.4300000000E+00
    7.3037841061E+00    5.4600000000E+00
    7.6275808590E+00    5.4900000000E+00
    7.4368114233E+00    5.5200000000E+00
    7.8350625323E+00    5.5500000000E+00
    7.2713909135E+00    5.5800000000E+00
    7.3178252071E+00    5.6100000000E+00
    7.4386770388E+00    5.6400000000E+00
    7.2946735223E+00    5.6700000000E+00
    8.0000000000E+00    5.7000000000E+00
    7.4081019270E+00    5.7300000000E+00
    7.1766248125E+00    5.7600000000E+00
    7.2214789269E+00    5.7900000000E+00
    7.0426891533E+00    5.8200000000E+00
    7.2638892058E+00    5.8500000000E+00
    7.3165163634E+00    5.8800000000E+00
    7.2733559504E+00    5.9100000000E+00
    7.2294792740E+00    5.9400000000E+00
    7.3148407732E+00    5.9700000000E+00
    7.1614856392E+00    6.0000000000E+00
    7.2332247460E+00    6.0300000000E+00
    7.2852509686E+00    6.0600000000E+00
    7.1391810720E+00    6.0900000000E+00
    7.0744452384E+00    6.1200000000E+00
    7.1905018004E+00    6.1500000000E+00
    7.0289689704E+00    6.1800000000E+00
    7.0028404269E+00    6.2100000000E+00
    7.0151740504E+00    6.2400000000E+00
    7.0000709732E+00    6.2700000000E+00
    7.0202565281E+00    6.3000000000E+00
