     #     T [K]    \rho(delta_nk) [meV]
    1.5000005037E+01    2.9100000000E+00
    1.5000005939E+01    2.9400000000E+00
    1.5000126214E+01    2.9700000000E+00
    1.5000012418E+01    3.0000000000E+00
    1.5000034489E+01    3.0300000000E+00
    1.5017414561E+01    3.0600000000E+00
    1.5016637581E+01    3.0900000000E+00
    1.5011602914E+01    3.1200000000E+00
    1.5035761041E+01    3.1500000000E+00
    1.5163325252E+01    3.1800000000E+00
    1.5041676105E+01    3.2100000000E+00
    1.5148936667E+01    3.2400000000E+00
    1.5019237466E+01    3.2700000000E+00
    1.5180299011E+01    3.3000000000E+00
    1.5239914401E+01    3.3300000000E+00
    1.5265335207E+01    3.3600000000E+00
    1.5227714809E+01    3.3900000000E+00
    1.5295942353E+01    3.4200000000E+00
    1.5325544235E+01    3.4500000000E+00
    1.5135367982E+01    3.4800000000E+00
    1.5287406260E+01    3.5100000000E+00
    1.5141373661E+01    3.5400000000E+00
    1.5256547460E+01    3.5700000000E+00
    1.5167282356E+01    3.6000000000E+00
    1.5228253401E+01    3.6300000000E+00
    1.5225534447E+01    3.6600000000E+00
    1.5357264540E+01    3.6900000000E+00
    1.5286979239E+01    3.7200000000E+00
    1.5289330905E+01    3.7500000000E+00
    1.5616428431E+01    3.7800000000E+00
    1.5130259570E+01    3.8100000000E+00
    1.5572753317E+01    3.8400000000E+00
    1.5514528802E+01    3.8700000000E+00
    1.5489988784E+01    3.9000000000E+00
    1.5376506436E+01    3.9300000000E+00
    1.5514342488E+01    3.9600000000E+00
    1.5552446651E+01    3.9900000000E+00
    1.5451646508E+01    4.0200000000E+00
    1.5502612409E+01    4.0500000000E+00
    1.5432041854E+01    4.0800000000E+00
    1.5332965052E+01    4.1100000000E+00
    1.5444098454E+01    4.1400000000E+00
    1.5748824620E+01    4.1700000000E+00
    1.5411778937E+01    4.2000000000E+00
    1.5665468452E+01    4.2300000000E+00
    1.5474225374E+01    4.2600000000E+00
    1.5655285256E+01    4.2900000000E+00
    1.5354696465E+01    4.3200000000E+00
    1.5676216488E+01    4.3500000000E+00
    1.5327842657E+01    4.3800000000E+00
    1.5222913789E+01    4.4100000000E+00
    1.5187289625E+01    4.4400000000E+00
    1.5238430096E+01    4.4700000000E+00
    1.5221938593E+01    4.5000000000E+00
    1.5325065984E+01    4.5300000000E+00
    1.5779078773E+01    4.5600000000E+00
    1.5185299824E+01    4.5900000000E+00
    1.5257660230E+01    4.6200000000E+00
    1.5508436146E+01    4.6500000000E+00
    1.5620732850E+01    4.6800000000E+00
    1.5616503156E+01    4.7100000000E+00
    1.5482303630E+01    4.7400000000E+00
    1.5556232790E+01    4.7700000000E+00
    1.5710665833E+01    4.8000000000E+00
    1.5484645211E+01    4.8300000000E+00
    1.5439140376E+01    4.8600000000E+00
    1.5576319617E+01    4.8900000000E+00
    1.5226897284E+01    4.9200000000E+00
    1.5500694435E+01    4.9500000000E+00
    1.5383957460E+01    4.9800000000E+00
    1.5477373322E+01    5.0100000000E+00
    1.5628053194E+01    5.0400000000E+00
    1.5563829757E+01    5.0700000000E+00
    1.5717674229E+01    5.1000000000E+00
    1.5692228913E+01    5.1300000000E+00
    1.5689402784E+01    5.1600000000E+00
    1.5491778590E+01    5.1900000000E+00
    1.5158428881E+01    5.2200000000E+00
    1.5190970164E+01    5.2500000000E+00
    1.5587248001E+01    5.2800000000E+00
    1.5541214862E+01    5.3100000000E+00
    1.5804482894E+01    5.3400000000E+00
    1.5514836241E+01    5.3700000000E+00
    1.5328788037E+01    5.4000000000E+00
    1.5558871076E+01    5.4300000000E+00
    1.5259917990E+01    5.4600000000E+00
    1.6000000000E+01    5.4900000000E+00
    1.5313660998E+01    5.5200000000E+00
    1.5404338997E+01    5.5500000000E+00
    1.5204483940E+01    5.5800000000E+00
    1.5098641151E+01    5.6100000000E+00
    1.5238663288E+01    5.6400000000E+00
    1.5327808196E+01    5.6700000000E+00
    1.5423502883E+01    5.7000000000E+00
    1.5194062799E+01    5.7300000000E+00
    1.5344189054E+01    5.7600000000E+00
    1.5246831717E+01    5.7900000000E+00
    1.5250116292E+01    5.8200000000E+00
    1.5246743008E+01    5.8500000000E+00
    1.5151808650E+01    5.8800000000E+00
    1.5222094358E+01    5.9100000000E+00
    1.5092518986E+01    5.9400000000E+00
    1.5006700377E+01    5.9700000000E+00
    1.5013576259E+01    6.0000000000E+00
    1.5006117458E+01    6.0300000000E+00
    1.5022200233E+01    6.0600000000E+00
    1.5000022119E+01    6.0900000000E+00
