     #     T [K]    \rho(delta_nk) [meV]
    3.0000006111E+01    9.3000000000E-01
    3.0000026358E+01    9.6000000000E-01
    3.0019578867E+01    9.9000000000E-01
    3.0096452595E+01    1.0200000000E+00
    3.0122273602E+01    1.0500000000E+00
    3.0209197125E+01    1.0800000000E+00
    3.0229871515E+01    1.1100000000E+00
    3.0223999671E+01    1.1400000000E+00
    3.0262348712E+01    1.1700000000E+00
    3.0345363787E+01    1.2000000000E+00
    3.0366962343E+01    1.2300000000E+00
    3.0315166120E+01    1.2600000000E+00
    3.0303704103E+01    1.2900000000E+00
    3.0436258028E+01    1.3200000000E+00
    3.0449950442E+01    1.3500000000E+00
    3.0581863910E+01    1.3800000000E+00
    3.0553385743E+01    1.4100000000E+00
    3.0885976833E+01    1.4400000000E+00
    3.0751248116E+01    1.4700000000E+00
    3.0746613912E+01    1.5000000000E+00
    3.0747152070E+01    1.5300000000E+00
    3.0708137506E+01    1.5600000000E+00
    3.0703788269E+01    1.5900000000E+00
    3.1000000000E+01    1.6200000000E+00
    3.0599166125E+01    1.6500000000E+00
    3.0414370178E+01    1.6800000000E+00
    3.0268726360E+01    1.7100000000E+00
    3.0521989432E+01    1.7400000000E+00
    3.0550320204E+01    1.7700000000E+00
    3.0367669733E+01    1.8000000000E+00
    3.0575039135E+01    1.8300000000E+00
    3.0574786124E+01    1.8600000000E+00
    3.0469042789E+01    1.8900000000E+00
    3.0593776958E+01    1.9200000000E+00
    3.0585925494E+01    1.9500000000E+00
    3.0868600215E+01    1.9800000000E+00
    3.0801483773E+01    2.0100000000E+00
    3.0687574978E+01    2.0400000000E+00
    3.0466681698E+01    2.0700000000E+00
    3.0594256382E+01    2.1000000000E+00
    3.0356205736E+01    2.1300000000E+00
    3.0262996106E+01    2.1600000000E+00
    3.0315264232E+01    2.1900000000E+00
    3.0159627981E+01    2.2200000000E+00
    3.0019570016E+01    2.2500000000E+00
    3.0012441665E+01    2.2800000000E+00
