     #     T [K]    \rho(delta_nk) [meV]
    4.0000066775E+00    3.1200000000E+00
    4.0001275240E+00    3.1500000000E+00
    4.0000121645E+00    3.2100000000E+00
    4.0109528417E+00    3.2400000000E+00
    4.0222884367E+00    3.2700000000E+00
    4.0113579070E+00    3.3000000000E+00
    4.0004159743E+00    3.3300000000E+00
    4.0695280357E+00    3.3600000000E+00
    4.1507555760E+00    3.3900000000E+00
    4.0534861151E+00    3.4200000000E+00
    4.1121853051E+00    3.4500000000E+00
    4.0723913058E+00    3.4800000000E+00
    4.2514596801E+00    3.5100000000E+00
    4.1456173024E+00    3.5400000000E+00
    4.3137262287E+00    3.5700000000E+00
    4.2386664067E+00    3.6000000000E+00
    4.3067988832E+00    3.6300000000E+00
    4.1169185968E+00    3.6600000000E+00
    4.3311471375E+00    3.6900000000E+00
    4.3325512865E+00    3.7200000000E+00
    4.0463668660E+00    3.7500000000E+00
    4.2180866386E+00    3.7800000000E+00
    4.2726896198E+00    3.8100000000E+00
    4.3342948132E+00    3.8400000000E+00
    4.2747766870E+00    3.8700000000E+00
    4.4473892788E+00    3.9000000000E+00
    4.3362506561E+00    3.9300000000E+00
    4.1494290370E+00    3.9600000000E+00
    4.5301469657E+00    3.9900000000E+00
    4.3286037404E+00    4.0200000000E+00
    4.4399700213E+00    4.0500000000E+00
    4.3941189543E+00    4.0800000000E+00
    4.6920488507E+00    4.1100000000E+00
    4.5213981863E+00    4.1400000000E+00
    4.2970735633E+00    4.1700000000E+00
    4.3112588966E+00    4.2000000000E+00
    4.7210814846E+00    4.2300000000E+00
    4.2599794248E+00    4.2600000000E+00
    4.3961778430E+00    4.2900000000E+00
    4.4559244260E+00    4.3200000000E+00
    4.4942503886E+00    4.3500000000E+00
    4.7052124532E+00    4.3800000000E+00
    4.4869437528E+00    4.4100000000E+00
    4.5815206578E+00    4.4400000000E+00
    4.6341836838E+00    4.4700000000E+00
    4.3803469160E+00    4.5000000000E+00
    4.3463135986E+00    4.5300000000E+00
    4.3788061038E+00    4.5600000000E+00
    4.2921082608E+00    4.5900000000E+00
    4.3077437772E+00    4.6200000000E+00
    4.0802789595E+00    4.6500000000E+00
    4.4003119294E+00    4.6800000000E+00
    4.0597689881E+00    4.7100000000E+00
    4.2553501202E+00    4.7400000000E+00
    4.2370030729E+00    4.7700000000E+00
    4.3593639600E+00    4.8000000000E+00
    4.5934717082E+00    4.8300000000E+00
    4.6848268708E+00    4.8600000000E+00
    4.4024508859E+00    4.8900000000E+00
    4.2935691913E+00    4.9200000000E+00
    4.6252619494E+00    4.9500000000E+00
    4.5182539863E+00    4.9800000000E+00
    4.8863961149E+00    5.0100000000E+00
    4.4003511265E+00    5.0400000000E+00
    4.3299822693E+00    5.0700000000E+00
    4.1120829178E+00    5.1000000000E+00
    4.4935649973E+00    5.1300000000E+00
    4.3888060563E+00    5.1600000000E+00
    4.5695933584E+00    5.1900000000E+00
    4.8388203321E+00    5.2200000000E+00
    4.3616164147E+00    5.2500000000E+00
    4.6557967535E+00    5.2800000000E+00
    4.6462003480E+00    5.3100000000E+00
    4.7226862272E+00    5.3400000000E+00
    4.6600147362E+00    5.3700000000E+00
    4.2796798519E+00    5.4000000000E+00
    4.2717202396E+00    5.4300000000E+00
    4.3707651619E+00    5.4600000000E+00
    4.6975588473E+00    5.4900000000E+00
    4.4167927078E+00    5.5200000000E+00
    4.9314270427E+00    5.5500000000E+00
    4.3320436802E+00    5.5800000000E+00
    4.2979197088E+00    5.6100000000E+00
    4.5836791630E+00    5.6400000000E+00
    4.2169428062E+00    5.6700000000E+00
    5.0000000000E+00    5.7000000000E+00
    4.5287785949E+00    5.7300000000E+00
    4.2287217045E+00    5.7600000000E+00
    4.2696201443E+00    5.7900000000E+00
    4.0544673758E+00    5.8200000000E+00
    4.1919653103E+00    5.8500000000E+00
    4.3021028899E+00    5.8800000000E+00
    4.3489042143E+00    5.9100000000E+00
    4.3153823705E+00    5.9400000000E+00
    4.3002972142E+00    5.9700000000E+00
    4.2090478815E+00    6.0000000000E+00
    4.2112452518E+00    6.0300000000E+00
    4.2735643868E+00    6.0600000000E+00
    4.2027223904E+00    6.0900000000E+00
    4.0710057351E+00    6.1200000000E+00
    4.2280204479E+00    6.1500000000E+00
    4.0259247576E+00    6.1800000000E+00
    4.0080771125E+00    6.2100000000E+00
    4.0161973625E+00    6.2400000000E+00
    4.0001169748E+00    6.2700000000E+00
    4.0216491565E+00    6.3000000000E+00
    4.0000115429E+00    6.3300000000E+00
