     #     T [K]    \rho(delta_nk) [meV]
    5.5000062761E+00    3.1200000000E+00
    5.5001198584E+00    3.1500000000E+00
    5.5000114333E+00    3.2100000000E+00
    5.5102944511E+00    3.2400000000E+00
    5.5209486478E+00    3.2700000000E+00
    5.5106771902E+00    3.3000000000E+00
    5.5003606761E+00    3.3300000000E+00
    5.5653768793E+00    3.3600000000E+00
    5.6270524400E+00    3.3900000000E+00
    5.5649119986E+00    3.4200000000E+00
    5.6181672550E+00    3.4500000000E+00
    5.5553141989E+00    3.4800000000E+00
    5.7363440887E+00    3.5100000000E+00
    5.6368640437E+00    3.5400000000E+00
    5.7948677083E+00    3.5700000000E+00
    5.7243198367E+00    3.6000000000E+00
    5.7883567752E+00    3.6300000000E+00
    5.6098825998E+00    3.6600000000E+00
    5.8011138558E+00    3.6900000000E+00
    5.7896299767E+00    3.7200000000E+00
    5.5766463016E+00    3.7500000000E+00
    5.7049771471E+00    3.7800000000E+00
    5.7341337310E+00    3.8100000000E+00
    5.8363640227E+00    3.8400000000E+00
    5.7582594778E+00    3.8700000000E+00
    5.9576088148E+00    3.9000000000E+00
    5.7783909882E+00    3.9300000000E+00
    5.6409810940E+00    3.9600000000E+00
    5.9982790935E+00    3.9900000000E+00
    5.8088509714E+00    4.0200000000E+00
    5.9611029228E+00    4.0500000000E+00
    5.8744657764E+00    4.0800000000E+00
    6.0988307983E+00    4.1100000000E+00
    5.9900563816E+00    4.1400000000E+00
    5.7792158916E+00    4.1700000000E+00
    5.7932442974E+00    4.2000000000E+00
    6.1657165015E+00    4.2300000000E+00
    5.7556758644E+00    4.2600000000E+00
    5.8732061989E+00    4.2900000000E+00
    5.9276763882E+00    4.3200000000E+00
    5.9979784471E+00    4.3500000000E+00
    6.1174413694E+00    4.3800000000E+00
    5.9429864422E+00    4.4100000000E+00
    6.0534276802E+00    4.4400000000E+00
    6.0677423803E+00    4.4700000000E+00
    5.9056557055E+00    4.5000000000E+00
    5.8254075503E+00    4.5300000000E+00
    5.8560355735E+00    4.5600000000E+00
    5.7261778544E+00    4.5900000000E+00
    5.8376419011E+00    4.6200000000E+00
    5.5754275889E+00    4.6500000000E+00
    5.8761777170E+00    4.6800000000E+00
    5.5576066750E+00    4.7100000000E+00
    5.7386410900E+00    4.7400000000E+00
    5.7117524102E+00    4.7700000000E+00
    5.8487661701E+00    4.8000000000E+00
    6.0577972976E+00    4.8300000000E+00
    6.2018757562E+00    4.8600000000E+00
    5.8200442209E+00    4.8900000000E+00
    5.7759223385E+00    4.9200000000E+00
    6.0578468890E+00    4.9500000000E+00
    6.0169335649E+00    4.9800000000E+00
    6.3331062846E+00    5.0100000000E+00
    5.8762901143E+00    5.0400000000E+00
    5.8087801586E+00    5.0700000000E+00
    5.6067116795E+00    5.1000000000E+00
    5.9542082848E+00    5.1300000000E+00
    5.8765525167E+00    5.1600000000E+00
    5.9883001073E+00    5.1900000000E+00
    6.3340215914E+00    5.2200000000E+00
    5.7910033496E+00    5.2500000000E+00
    6.1652516965E+00    5.2800000000E+00
    6.1027707803E+00    5.3100000000E+00
    6.1477784346E+00    5.3400000000E+00
    6.1552435416E+00    5.3700000000E+00
    5.7691985577E+00    5.4000000000E+00
    5.7467240098E+00    5.4300000000E+00
    5.8519585210E+00    5.4600000000E+00
    6.1455464876E+00    5.4900000000E+00
    5.9017380207E+00    5.5200000000E+00
    6.4250061456E+00    5.5500000000E+00
    5.7625974165E+00    5.5800000000E+00
    5.8478561383E+00    5.6100000000E+00
    5.9857796199E+00    5.6400000000E+00
    5.6988710502E+00    5.6700000000E+00
    6.5000000000E+00    5.7000000000E+00
    5.8833998397E+00    5.7300000000E+00
    5.7684546698E+00    5.7600000000E+00
    5.7534129021E+00    5.7900000000E+00
    5.5512161420E+00    5.8200000000E+00
    5.6804031323E+00    5.8500000000E+00
    5.8453355433E+00    5.8800000000E+00
    5.7700747585E+00    5.9100000000E+00
    5.7928881561E+00    5.9400000000E+00
    5.7822459305E+00    5.9700000000E+00
    5.6952417130E+00    6.0000000000E+00
    5.6997870148E+00    6.0300000000E+00
    5.8220850502E+00    6.0600000000E+00
    5.6392619621E+00    6.0900000000E+00
    5.5530469851E+00    6.1200000000E+00
    5.7143138213E+00    6.1500000000E+00
    5.5290944231E+00    6.1800000000E+00
    5.5028635472E+00    6.2100000000E+00
    5.5152623288E+00    6.2400000000E+00
    5.5000713309E+00    6.2700000000E+00
    5.5203586446E+00    6.3000000000E+00
