     #     T [K]    \rho(delta_nk) [meV]
    2.3000005568E+01    2.1600000000E+00
    2.3000006702E+01    2.1900000000E+00
    2.3000013217E+01    2.2200000000E+00
    2.3000169321E+01    2.2500000000E+00
    2.3011951478E+01    2.2800000000E+00
    2.3035709841E+01    2.3100000000E+00
    2.3038875372E+01    2.3400000000E+00
    2.3165243064E+01    2.3700000000E+00
    2.3015795839E+01    2.4000000000E+00
    2.3171126721E+01    2.4300000000E+00
    2.3148748096E+01    2.4600000000E+00
    2.3226052300E+01    2.4900000000E+00
    2.3280520247E+01    2.5200000000E+00
    2.3247984729E+01    2.5500000000E+00
    2.3228104735E+01    2.5800000000E+00
    2.3244989639E+01    2.6100000000E+00
    2.3344212452E+01    2.6400000000E+00
    2.3312698356E+01    2.6700000000E+00
    2.3205621504E+01    2.7000000000E+00
    2.3250417265E+01    2.7300000000E+00
    2.3328285373E+01    2.7600000000E+00
    2.3238392931E+01    2.7900000000E+00
    2.3222764287E+01    2.8200000000E+00
    2.3207574333E+01    2.8500000000E+00
    2.3393566691E+01    2.8800000000E+00
    2.3252678985E+01    2.9100000000E+00
    2.3350779785E+01    2.9400000000E+00
    2.3491231323E+01    2.9700000000E+00
    2.3175996648E+01    3.0000000000E+00
    2.3537755072E+01    3.0300000000E+00
    2.3591995340E+01    3.0600000000E+00
    2.3390666862E+01    3.0900000000E+00
    2.3546240016E+01    3.1200000000E+00
    2.3448121369E+01    3.1500000000E+00
    2.3542278775E+01    3.1800000000E+00
    2.3850431386E+01    3.2100000000E+00
    2.3449679413E+01    3.2400000000E+00
    2.3753144709E+01    3.2700000000E+00
    2.3505328291E+01    3.3000000000E+00
    2.3406075203E+01    3.3300000000E+00
    2.3624216366E+01    3.3600000000E+00
    2.4000000000E+01    3.3900000000E+00
    2.3741901112E+01    3.4200000000E+00
    2.3575568361E+01    3.4500000000E+00
    2.3652210326E+01    3.4800000000E+00
    2.3370719238E+01    3.5100000000E+00
    2.3858862180E+01    3.5400000000E+00
    2.3866706819E+01    3.5700000000E+00
    2.3760342318E+01    3.6000000000E+00
    2.3759868432E+01    3.6300000000E+00
    2.3643749855E+01    3.6600000000E+00
    2.3779137356E+01    3.6900000000E+00
    2.3372999229E+01    3.7200000000E+00
    2.3312897394E+01    3.7500000000E+00
    2.3222744943E+01    3.7800000000E+00
    2.3539812882E+01    3.8100000000E+00
    2.3357372354E+01    3.8400000000E+00
    2.3452126145E+01    3.8700000000E+00
    2.3413267906E+01    3.9000000000E+00
    2.3796632833E+01    3.9300000000E+00
    2.3488070973E+01    3.9600000000E+00
    2.3239895693E+01    3.9900000000E+00
    2.3553119789E+01    4.0200000000E+00
    2.3784632267E+01    4.0500000000E+00
    2.3221720209E+01    4.0800000000E+00
    2.3262007077E+01    4.1100000000E+00
    2.3248918701E+01    4.1400000000E+00
    2.3443169397E+01    4.1700000000E+00
    2.3259165821E+01    4.2000000000E+00
    2.3778274351E+01    4.2300000000E+00
    2.3717592417E+01    4.2600000000E+00
    2.3370004280E+01    4.2900000000E+00
    2.3388994439E+01    4.3200000000E+00
    2.3350797258E+01    4.3500000000E+00
    2.3375131578E+01    4.3800000000E+00
    2.3889297964E+01    4.4100000000E+00
    2.3805104580E+01    4.4400000000E+00
    2.3498363803E+01    4.4700000000E+00
    2.3714161590E+01    4.5000000000E+00
    2.3728383864E+01    4.5300000000E+00
    2.3631601451E+01    4.5600000000E+00
    2.3560633108E+01    4.5900000000E+00
    2.3293101033E+01    4.6200000000E+00
    2.3345455859E+01    4.6500000000E+00
    2.3337595955E+01    4.6800000000E+00
    2.3381512509E+01    4.7100000000E+00
    2.3580016069E+01    4.7400000000E+00
    2.3150716606E+01    4.7700000000E+00
    2.3402921184E+01    4.8000000000E+00
    2.3150986996E+01    4.8300000000E+00
    2.3512745345E+01    4.8600000000E+00
    2.3050058097E+01    4.8900000000E+00
    2.3276201129E+01    4.9200000000E+00
    2.3034623495E+01    4.9500000000E+00
    2.3020308255E+01    4.9800000000E+00
    2.3006748481E+01    5.0100000000E+00
    2.3023758109E+01    5.0400000000E+00
    2.3000053223E+01    5.0700000000E+00
