     #     T [K]    \rho(delta_nk) [meV]
    8.0000059970E+00    3.1200000000E+00
    8.0000084756E+00    3.1500000000E+00
    8.0001432720E+00    3.1800000000E+00
    8.0000142782E+00    3.2100000000E+00
    8.0000398660E+00    3.2400000000E+00
    8.0000021444E+00    3.2700000000E+00
    8.0391521160E+00    3.3000000000E+00
    8.0132359723E+00    3.3300000000E+00
    8.0427347020E+00    3.3600000000E+00
    8.1541155733E+00    3.3900000000E+00
    8.0659791238E+00    3.4200000000E+00
    8.0596968758E+00    3.4500000000E+00
    8.1442186359E+00    3.4800000000E+00
    8.1725936202E+00    3.5100000000E+00
    8.2637302947E+00    3.5400000000E+00
    8.1818848374E+00    3.5700000000E+00
    8.3393997436E+00    3.6000000000E+00
    8.4962483497E+00    3.6300000000E+00
    8.1306658289E+00    3.6600000000E+00
    8.2939531262E+00    3.6900000000E+00
    8.2820870816E+00    3.7200000000E+00
    8.3234140741E+00    3.7500000000E+00
    8.0866533696E+00    3.7800000000E+00
    8.3249360882E+00    3.8100000000E+00
    8.2997351262E+00    3.8400000000E+00
    8.4700931680E+00    3.8700000000E+00
    8.3932474744E+00    3.9000000000E+00
    8.5697118876E+00    3.9300000000E+00
    8.1631870280E+00    3.9600000000E+00
    8.4116777871E+00    3.9900000000E+00
    8.5255441945E+00    4.0200000000E+00
    8.3847770758E+00    4.0500000000E+00
    8.5039069297E+00    4.0800000000E+00
    8.6711164387E+00    4.1100000000E+00
    8.5220862420E+00    4.1400000000E+00
    8.6123385249E+00    4.1700000000E+00
    8.3515570147E+00    4.2000000000E+00
    8.5844005869E+00    4.2300000000E+00
    8.6073788660E+00    4.2600000000E+00
    8.4512684770E+00    4.2900000000E+00
    8.5525721330E+00    4.3200000000E+00
    8.3825324194E+00    4.3500000000E+00
    8.6126081536E+00    4.3800000000E+00
    8.7577597970E+00    4.4100000000E+00
    8.6738106088E+00    4.4400000000E+00
    8.7772383511E+00    4.4700000000E+00
    8.5676704287E+00    4.5000000000E+00
    8.4623163302E+00    4.5300000000E+00
    8.3652285519E+00    4.5600000000E+00
    8.3313981640E+00    4.5900000000E+00
    8.4432122611E+00    4.6200000000E+00
    8.3419544832E+00    4.6500000000E+00
    8.1075703041E+00    4.6800000000E+00
    8.2715476475E+00    4.7100000000E+00
    8.3174271947E+00    4.7400000000E+00
    8.2821334572E+00    4.7700000000E+00
    8.2474985668E+00    4.8000000000E+00
    8.4474924022E+00    4.8300000000E+00
    8.7839198311E+00    4.8600000000E+00
    8.8511183940E+00    4.8900000000E+00
    8.3414595761E+00    4.9200000000E+00
    8.4847200379E+00    4.9500000000E+00
    8.6370051553E+00    4.9800000000E+00
    8.5620608670E+00    5.0100000000E+00
    8.8646506607E+00    5.0400000000E+00
    8.6745230094E+00    5.0700000000E+00
    8.2334909527E+00    5.1000000000E+00
    8.3101065285E+00    5.1300000000E+00
    8.3823024009E+00    5.1600000000E+00
    8.6330478135E+00    5.1900000000E+00
    8.6901712274E+00    5.2200000000E+00
    8.7312207579E+00    5.2500000000E+00
    8.8096195369E+00    5.2800000000E+00
    8.6581458563E+00    5.3100000000E+00
    8.8062632899E+00    5.3400000000E+00
    8.6779092450E+00    5.3700000000E+00
    8.8658658993E+00    5.4000000000E+00
    8.2095818170E+00    5.4300000000E+00
    8.3985960244E+00    5.4600000000E+00
    8.7977078703E+00    5.4900000000E+00
    8.6048853246E+00    5.5200000000E+00
    8.8746752371E+00    5.5500000000E+00
    8.7176907176E+00    5.5800000000E+00
    8.3966695089E+00    5.6100000000E+00
    8.3929289050E+00    5.6400000000E+00
    8.4490740260E+00    5.6700000000E+00
    8.5268952281E+00    5.7000000000E+00
    9.0000000000E+00    5.7300000000E+00
    8.6482969946E+00    5.7600000000E+00
    8.3277044668E+00    5.7900000000E+00
    8.1353110498E+00    5.8200000000E+00
    8.0836320226E+00    5.8500000000E+00
    8.4311299497E+00    5.8800000000E+00
    8.2319991769E+00    5.9100000000E+00
    8.4784423427E+00    5.9400000000E+00
    8.2947612846E+00    5.9700000000E+00
    8.2646937280E+00    6.0000000000E+00
    8.3371910611E+00    6.0300000000E+00
    8.2533966768E+00    6.0600000000E+00
    8.3269994704E+00    6.0900000000E+00
    8.1098822845E+00    6.1200000000E+00
    8.1522456553E+00    6.1500000000E+00
    8.1755539634E+00    6.1800000000E+00
    8.0184748687E+00    6.2100000000E+00
    8.0156103842E+00    6.2400000000E+00
    8.0070340337E+00    6.2700000000E+00
    8.0000892141E+00    6.3000000000E+00
    8.0254627032E+00    6.3300000000E+00
