     #     T [K]    \rho(delta_nk) [meV]
    2.3500005203E+01    2.1300000000E+00
    2.3500006134E+01    2.1600000000E+00
    2.3500000535E+01    2.1900000000E+00
    2.3500176619E+01    2.2200000000E+00
    2.3500035401E+01    2.2500000000E+00
    2.3535148479E+01    2.2800000000E+00
    2.3548337759E+01    2.3100000000E+00
    2.3660094047E+01    2.3400000000E+00
    2.3509128194E+01    2.3700000000E+00
    2.3671726078E+01    2.4000000000E+00
    2.3635949821E+01    2.4300000000E+00
    2.3753785947E+01    2.4600000000E+00
    2.3747836771E+01    2.4900000000E+00
    2.3783109085E+01    2.5200000000E+00
    2.3715420268E+01    2.5500000000E+00
    2.3849597562E+01    2.5800000000E+00
    2.3777529911E+01    2.6100000000E+00
    2.3867689789E+01    2.6400000000E+00
    2.3616624736E+01    2.6700000000E+00
    2.3801998195E+01    2.7000000000E+00
    2.3709467481E+01    2.7300000000E+00
    2.3727280013E+01    2.7600000000E+00
    2.3767778836E+01    2.7900000000E+00
    2.3706636827E+01    2.8200000000E+00
    2.3881778690E+01    2.8500000000E+00
    2.3762819254E+01    2.8800000000E+00
    2.3868829502E+01    2.9100000000E+00
    2.4011829987E+01    2.9400000000E+00
    2.3782255106E+01    2.9700000000E+00
    2.4121551926E+01    3.0000000000E+00
    2.4044675399E+01    3.0300000000E+00
    2.4064432769E+01    3.0600000000E+00
    2.3720378524E+01    3.0900000000E+00
    2.4318164754E+01    3.1200000000E+00
    2.4012231941E+01    3.1500000000E+00
    2.4070101217E+01    3.1800000000E+00
    2.4248209447E+01    3.2100000000E+00
    2.4007577907E+01    3.2400000000E+00
    2.4098189503E+01    3.2700000000E+00
    2.4006128258E+01    3.3000000000E+00
    2.4264598727E+01    3.3300000000E+00
    2.4473297338E+01    3.3600000000E+00
    2.3956690426E+01    3.3900000000E+00
    2.3945588259E+01    3.4200000000E+00
    2.4190423729E+01    3.4500000000E+00
    2.4500000000E+01    3.4800000000E+00
    2.4418851030E+01    3.5100000000E+00
    2.3869393450E+01    3.5400000000E+00
    2.4230312361E+01    3.5700000000E+00
    2.4078397279E+01    3.6000000000E+00
    2.4189463898E+01    3.6300000000E+00
    2.3891595000E+01    3.6600000000E+00
    2.3862893059E+01    3.6900000000E+00
    2.3973921694E+01    3.7200000000E+00
    2.3900981141E+01    3.7500000000E+00
    2.3919945126E+01    3.7800000000E+00
    2.3924200841E+01    3.8100000000E+00
    2.4113335977E+01    3.8400000000E+00
    2.4100786830E+01    3.8700000000E+00
    2.3792555536E+01    3.9000000000E+00
    2.4046781544E+01    3.9300000000E+00
    2.4262309685E+01    3.9600000000E+00
    2.3845438443E+01    3.9900000000E+00
    2.3681155880E+01    4.0200000000E+00
    2.3900002388E+01    4.0500000000E+00
    2.3839652647E+01    4.0800000000E+00
    2.3733812377E+01    4.1100000000E+00
    2.4280791476E+01    4.1400000000E+00
    2.4194897577E+01    4.1700000000E+00
    2.3779227805E+01    4.2000000000E+00
    2.3978173233E+01    4.2300000000E+00
    2.3867106148E+01    4.2600000000E+00
    2.4117874991E+01    4.2900000000E+00
    2.4187538447E+01    4.3200000000E+00
    2.4262028791E+01    4.3500000000E+00
    2.4066343469E+01    4.3800000000E+00
    2.4444517231E+01    4.4100000000E+00
    2.3976605829E+01    4.4400000000E+00
    2.4140533310E+01    4.4700000000E+00
    2.3898279798E+01    4.5000000000E+00
    2.3818158020E+01    4.5300000000E+00
    2.3938296317E+01    4.5600000000E+00
    2.3664564783E+01    4.5900000000E+00
    2.4014008056E+01    4.6200000000E+00
    2.3897616501E+01    4.6500000000E+00
    2.3710874832E+01    4.6800000000E+00
    2.3806912776E+01    4.7100000000E+00
    2.3818714561E+01    4.7400000000E+00
    2.3797659851E+01    4.7700000000E+00
    2.3676593792E+01    4.8000000000E+00
    2.3629339235E+01    4.8300000000E+00
    2.3516117660E+01    4.8600000000E+00
    2.3520213091E+01    4.8900000000E+00
    2.3514638086E+01    4.9200000000E+00
    2.3508432346E+01    4.9500000000E+00
    2.3500012189E+01    4.9800000000E+00
