     #     T [K]    \rho(delta_nk) [meV]
    7.5001229392E+00    3.1200000000E+00
    7.5000059061E+00    3.1500000000E+00
    7.5000116934E+00    3.1800000000E+00
    7.5000325173E+00    3.2100000000E+00
    7.5163541489E+00    3.2400000000E+00
    7.5254669034E+00    3.2700000000E+00
    7.5009677788E+00    3.3000000000E+00
    7.5022065357E+00    3.3300000000E+00
    7.5982326444E+00    3.3600000000E+00
    7.6142373254E+00    3.3900000000E+00
    7.5867613469E+00    3.4200000000E+00
    7.5831080770E+00    3.4500000000E+00
    7.5998603869E+00    3.4800000000E+00
    7.6974674762E+00    3.5100000000E+00
    7.6444909115E+00    3.5400000000E+00
    7.8369481057E+00    3.5700000000E+00
    7.8530941729E+00    3.6000000000E+00
    7.6430666715E+00    3.6300000000E+00
    7.7501358200E+00    3.6600000000E+00
    7.6671527214E+00    3.6900000000E+00
    7.8192973711E+00    3.7200000000E+00
    7.5922747444E+00    3.7500000000E+00
    7.7528170590E+00    3.7800000000E+00
    7.7108673983E+00    3.8100000000E+00
    7.8160570501E+00    3.8400000000E+00
    7.8044300929E+00    3.8700000000E+00
    7.9689694705E+00    3.9000000000E+00
    7.8004452376E+00    3.9300000000E+00
    7.5721284281E+00    3.9600000000E+00
    8.0412860547E+00    3.9900000000E+00
    7.8232736441E+00    4.0200000000E+00
    8.0796841794E+00    4.0500000000E+00
    7.8162515693E+00    4.0800000000E+00
    8.0940048256E+00    4.1100000000E+00
    7.9649639736E+00    4.1400000000E+00
    7.7343278718E+00    4.1700000000E+00
    8.0873045886E+00    4.2000000000E+00
    7.9588302542E+00    4.2300000000E+00
    7.7109714664E+00    4.2600000000E+00
    8.0442104543E+00    4.2900000000E+00
    7.8521478283E+00    4.3200000000E+00
    7.9210321474E+00    4.3500000000E+00
    8.2047264723E+00    4.3800000000E+00
    8.0004313787E+00    4.4100000000E+00
    8.0849117498E+00    4.4400000000E+00
    8.0240388183E+00    4.4700000000E+00
    7.9496807955E+00    4.5000000000E+00
    7.7099770041E+00    4.5300000000E+00
    7.9330028045E+00    4.5600000000E+00
    7.7702406049E+00    4.5900000000E+00
    7.7372756915E+00    4.6200000000E+00
    7.5878597818E+00    4.6500000000E+00
    7.8700035923E+00    4.6800000000E+00
    7.5700546289E+00    4.7100000000E+00
    7.7334526611E+00    4.7400000000E+00
    7.7956561691E+00    4.7700000000E+00
    7.9911598827E+00    4.8000000000E+00
    8.1220456262E+00    4.8300000000E+00
    7.9708837071E+00    4.8600000000E+00
    7.8836485126E+00    4.8900000000E+00
    7.8810421375E+00    4.9200000000E+00
    8.1045921699E+00    4.9500000000E+00
    7.8770194904E+00    4.9800000000E+00
    8.3285850234E+00    5.0100000000E+00
    7.8603172820E+00    5.0400000000E+00
    7.8005184680E+00    5.0700000000E+00
    7.7815405532E+00    5.1000000000E+00
    7.8835983438E+00    5.1300000000E+00
    7.8517536261E+00    5.1600000000E+00
    8.1275523416E+00    5.1900000000E+00
    8.1898861250E+00    5.2200000000E+00
    7.9141384644E+00    5.2500000000E+00
    8.1065014742E+00    5.2800000000E+00
    8.0863900687E+00    5.3100000000E+00
    8.2305643015E+00    5.3400000000E+00
    8.0602778725E+00    5.3700000000E+00
    7.8365768757E+00    5.4000000000E+00
    7.7917748850E+00    5.4300000000E+00
    7.9503850109E+00    5.4600000000E+00
    8.0587371162E+00    5.4900000000E+00
    7.9498010221E+00    5.5200000000E+00
    8.3750005774E+00    5.5500000000E+00
    7.8232113521E+00    5.5800000000E+00
    7.7833335729E+00    5.6100000000E+00
    7.9513818440E+00    5.6400000000E+00
    7.8281462133E+00    5.6700000000E+00
    8.5000000000E+00    5.7000000000E+00
    7.9189984374E+00    5.7300000000E+00
    7.6813057724E+00    5.7600000000E+00
    7.7270869479E+00    5.7900000000E+00
    7.5442446704E+00    5.8200000000E+00
    7.7241712705E+00    5.8500000000E+00
    7.8794698253E+00    5.8800000000E+00
    7.8296995219E+00    5.9100000000E+00
    7.6786324165E+00    5.9400000000E+00
    7.8232283198E+00    5.9700000000E+00
    7.6657877132E+00    6.0000000000E+00
    7.8008968085E+00    6.0300000000E+00
    7.7398720559E+00    6.0600000000E+00
    7.6344082926E+00    6.0900000000E+00
    7.5764285041E+00    6.1200000000E+00
    7.7037213299E+00    6.1500000000E+00
    7.5214040523E+00    6.1800000000E+00
    7.5031083189E+00    6.2100000000E+00
    7.5155782961E+00    6.2400000000E+00
    7.5000728639E+00    6.2700000000E+00
    7.5207961741E+00    6.3000000000E+00
