     #     T [K]    \rho(delta_nk) [meV]
    1.9500005304E+01    2.6700000000E+00
    1.9500132583E+01    2.7000000000E+00
    1.9500014314E+01    2.7300000000E+00
    1.9500035030E+01    2.7600000000E+00
    1.9517746125E+01    2.7900000000E+00
    1.9527666924E+01    2.8200000000E+00
    1.9501019421E+01    2.8500000000E+00
    1.9564122660E+01    2.8800000000E+00
    1.9645703065E+01    2.9100000000E+00
    1.9589938090E+01    2.9400000000E+00
    1.9614742403E+01    2.9700000000E+00
    1.9674798180E+01    3.0000000000E+00
    1.9676531633E+01    3.0300000000E+00
    1.9840619554E+01    3.0600000000E+00
    1.9632168841E+01    3.0900000000E+00
    1.9848940770E+01    3.1200000000E+00
    1.9818375180E+01    3.1500000000E+00
    1.9769398243E+01    3.1800000000E+00
    1.9648462863E+01    3.2100000000E+00
    1.9726643072E+01    3.2400000000E+00
    1.9770050095E+01    3.2700000000E+00
    1.9694835705E+01    3.3000000000E+00
    1.9739386247E+01    3.3300000000E+00
    1.9687188273E+01    3.3600000000E+00
    1.9732751179E+01    3.3900000000E+00
    1.9711326149E+01    3.4200000000E+00
    2.0011461389E+01    3.4500000000E+00
    1.9843547762E+01    3.4800000000E+00
    2.0338735230E+01    3.5100000000E+00
    1.9734554377E+01    3.5400000000E+00
    2.0030912176E+01    3.5700000000E+00
    2.0087392774E+01    3.6000000000E+00
    1.9865657973E+01    3.6300000000E+00
    2.0040929041E+01    3.6600000000E+00
    2.0071374211E+01    3.6900000000E+00
    1.9984295390E+01    3.7200000000E+00
    1.9830440102E+01    3.7500000000E+00
    1.9964891973E+01    3.7800000000E+00
    2.0203913181E+01    3.8100000000E+00
    2.0077360684E+01    3.8400000000E+00
    2.0201806154E+01    3.8700000000E+00
    1.9902582983E+01    3.9000000000E+00
    1.9790349607E+01    3.9300000000E+00
    2.0305020221E+01    3.9600000000E+00
    2.0287500103E+01    3.9900000000E+00
    2.0170459809E+01    4.0200000000E+00
    1.9796486681E+01    4.0500000000E+00
    1.9662146189E+01    4.0800000000E+00
    1.9810164754E+01    4.1100000000E+00
    1.9910714574E+01    4.1400000000E+00
    2.0212999355E+01    4.1700000000E+00
    1.9626248251E+01    4.2000000000E+00
    1.9910507952E+01    4.2300000000E+00
    1.9817645143E+01    4.2600000000E+00
    2.0045152769E+01    4.2900000000E+00
    1.9940878843E+01    4.3200000000E+00
    2.0061496595E+01    4.3500000000E+00
    2.0141175107E+01    4.3800000000E+00
    2.0500000000E+01    4.4100000000E+00
    1.9777089641E+01    4.4400000000E+00
    2.0020593352E+01    4.4700000000E+00
    2.0294734302E+01    4.5000000000E+00
    2.0010584364E+01    4.5300000000E+00
    2.0074881766E+01    4.5600000000E+00
    1.9665153431E+01    4.5900000000E+00
    1.9857394428E+01    4.6200000000E+00
    2.0039597894E+01    4.6500000000E+00
    2.0067040112E+01    4.6800000000E+00
    2.0061989000E+01    4.7100000000E+00
    2.0051085053E+01    4.7400000000E+00
    2.0453755671E+01    4.7700000000E+00
    2.0004937231E+01    4.8000000000E+00
    1.9874793795E+01    4.8300000000E+00
    1.9836259088E+01    4.8600000000E+00
    1.9653782372E+01    4.8900000000E+00
    2.0268203140E+01    4.9200000000E+00
    2.0003646591E+01    4.9500000000E+00
    2.0415896034E+01    4.9800000000E+00
    1.9769283031E+01    5.0100000000E+00
    2.0192968090E+01    5.0400000000E+00
    1.9960027761E+01    5.0700000000E+00
    2.0148381182E+01    5.1000000000E+00
    2.0062970066E+01    5.1300000000E+00
    1.9947501566E+01    5.1600000000E+00
    1.9705348134E+01    5.1900000000E+00
    1.9642423861E+01    5.2200000000E+00
    1.9823143222E+01    5.2500000000E+00
    1.9841249009E+01    5.2800000000E+00
    1.9953408777E+01    5.3100000000E+00
    1.9748431808E+01    5.3400000000E+00
    1.9770364189E+01    5.3700000000E+00
    1.9769655865E+01    5.4000000000E+00
    1.9743297828E+01    5.4300000000E+00
    1.9761181637E+01    5.4600000000E+00
    1.9653609397E+01    5.4900000000E+00
    1.9668489314E+01    5.5200000000E+00
    1.9515411584E+01    5.5500000000E+00
    1.9514015639E+01    5.5800000000E+00
    1.9506221640E+01    5.6100000000E+00
    1.9522550099E+01    5.6400000000E+00
    1.9500050706E+01    5.6700000000E+00
