     #     T [K]    \rho(delta_nk) [meV]
    2.4500005244E+01    2.1300000000E+00
    2.4500006312E+01    2.1600000000E+00
    2.4500012448E+01    2.1900000000E+00
    2.4500034656E+01    2.2200000000E+00
    2.4500160894E+01    2.2500000000E+00
    2.4517629320E+01    2.2800000000E+00
    2.4562932154E+01    2.3100000000E+00
    2.4629305083E+01    2.3400000000E+00
    2.4595881069E+01    2.3700000000E+00
    2.4594087659E+01    2.4000000000E+00
    2.4665523450E+01    2.4300000000E+00
    2.4804043347E+01    2.4600000000E+00
    2.4792594503E+01    2.4900000000E+00
    2.4697453778E+01    2.5200000000E+00
    2.4926619936E+01    2.5500000000E+00
    2.4886812914E+01    2.5800000000E+00
    2.4635358082E+01    2.6100000000E+00
    2.4906559518E+01    2.6400000000E+00
    2.4624795422E+01    2.6700000000E+00
    2.4823765151E+01    2.7000000000E+00
    2.4639660329E+01    2.7300000000E+00
    2.4752928169E+01    2.7600000000E+00
    2.4829832334E+01    2.7900000000E+00
    2.5015758370E+01    2.8200000000E+00
    2.5021951890E+01    2.8500000000E+00
    2.4962059622E+01    2.8800000000E+00
    2.4975686066E+01    2.9100000000E+00
    2.5382938026E+01    2.9400000000E+00
    2.4881677502E+01    2.9700000000E+00
    2.5129146291E+01    3.0000000000E+00
    2.5208542467E+01    3.0300000000E+00
    2.5000680432E+01    3.0600000000E+00
    2.5033250017E+01    3.0900000000E+00
    2.5218604350E+01    3.1200000000E+00
    2.5020871130E+01    3.1500000000E+00
    2.5155982607E+01    3.1800000000E+00
    2.5250882367E+01    3.2100000000E+00
    2.4941247309E+01    3.2400000000E+00
    2.5400956354E+01    3.2700000000E+00
    2.5091969618E+01    3.3000000000E+00
    2.5434836020E+01    3.3300000000E+00
    2.5126059091E+01    3.3600000000E+00
    2.4822314770E+01    3.3900000000E+00
    2.4999762926E+01    3.4200000000E+00
    2.4872260501E+01    3.4500000000E+00
    2.5024505337E+01    3.4800000000E+00
    2.4935741821E+01    3.5100000000E+00
    2.5231554698E+01    3.5400000000E+00
    2.5378349128E+01    3.5700000000E+00
    2.5016346068E+01    3.6000000000E+00
    2.4996988688E+01    3.6300000000E+00
    2.5014141034E+01    3.6600000000E+00
    2.5007925308E+01    3.6900000000E+00
    2.5306008078E+01    3.7200000000E+00
    2.5342737468E+01    3.7500000000E+00
    2.4911021865E+01    3.7800000000E+00
    2.4974282622E+01    3.8100000000E+00
    2.5088627409E+01    3.8400000000E+00
    2.4968926657E+01    3.8700000000E+00
    2.5346602386E+01    3.9000000000E+00
    2.5304754491E+01    3.9300000000E+00
    2.5058928321E+01    3.9600000000E+00
    2.4889422756E+01    3.9900000000E+00
    2.4852278712E+01    4.0200000000E+00
    2.4929899492E+01    4.0500000000E+00
    2.5500000000E+01    4.0800000000E+00
    2.5344598946E+01    4.1100000000E+00
    2.4950987630E+01    4.1400000000E+00
    2.5449702778E+01    4.1700000000E+00
    2.4946897077E+01    4.2000000000E+00
    2.5221914304E+01    4.2300000000E+00
    2.4922778507E+01    4.2600000000E+00
    2.4724110701E+01    4.2900000000E+00
    2.4930054762E+01    4.3200000000E+00
    2.4898500246E+01    4.3500000000E+00
    2.5058056006E+01    4.3800000000E+00
    2.4590997809E+01    4.4100000000E+00
    2.4932988233E+01    4.4400000000E+00
    2.4669158983E+01    4.4700000000E+00
    2.4933470687E+01    4.5000000000E+00
    2.4672257436E+01    4.5300000000E+00
    2.4626685830E+01    4.5600000000E+00
    2.4526216698E+01    4.5900000000E+00
    2.4509147328E+01    4.6200000000E+00
    2.4522418289E+01    4.6500000000E+00
    2.4500038262E+01    4.6800000000E+00
    2.4500011865E+01    4.7100000000E+00
