     #     T [K]    \rho(delta_nk) [meV]
    2.6500003882E+01    1.8000000000E+00
    2.6500004673E+01    1.8300000000E+00
    2.6500009225E+01    1.8600000000E+00
    2.6500119368E+01    1.8900000000E+00
    2.6513077571E+01    1.9200000000E+00
    2.6546615155E+01    1.9500000000E+00
    2.6596462475E+01    1.9800000000E+00
    2.6583165512E+01    2.0100000000E+00
    2.6651079185E+01    2.0400000000E+00
    2.6650291183E+01    2.0700000000E+00
    2.6798541876E+01    2.1000000000E+00
    2.6723093840E+01    2.1300000000E+00
    2.6833916042E+01    2.1600000000E+00
    2.6730578534E+01    2.1900000000E+00
    2.6758839183E+01    2.2200000000E+00
    2.6708127737E+01    2.2500000000E+00
    2.6694822176E+01    2.2800000000E+00
    2.6642329578E+01    2.3100000000E+00
    2.6821435970E+01    2.3400000000E+00
    2.6704099914E+01    2.3700000000E+00
    2.6796938556E+01    2.4000000000E+00
    2.6925326039E+01    2.4300000000E+00
    2.7035122451E+01    2.4600000000E+00
    2.7046688081E+01    2.4900000000E+00
    2.6881595306E+01    2.5200000000E+00
    2.7067026112E+01    2.5500000000E+00
    2.6828016342E+01    2.5800000000E+00
    2.7075813657E+01    2.6100000000E+00
    2.7070724276E+01    2.6400000000E+00
    2.6999517395E+01    2.6700000000E+00
    2.6987102099E+01    2.7000000000E+00
    2.7051552141E+01    2.7300000000E+00
    2.7147492605E+01    2.7600000000E+00
    2.6907831712E+01    2.7900000000E+00
    2.6920481389E+01    2.8200000000E+00
    2.7500000000E+01    2.8500000000E+00
    2.7166450540E+01    2.8800000000E+00
    2.6809772368E+01    2.9100000000E+00
    2.6958944659E+01    2.9400000000E+00
    2.7023128879E+01    2.9700000000E+00
    2.6820759844E+01    3.0000000000E+00
    2.7158686286E+01    3.0300000000E+00
    2.6893875734E+01    3.0600000000E+00
    2.6868039482E+01    3.0900000000E+00
    2.6988874947E+01    3.1200000000E+00
    2.7208575501E+01    3.1500000000E+00
    2.6742085558E+01    3.1800000000E+00
    2.7184424395E+01    3.2100000000E+00
    2.7094827437E+01    3.2400000000E+00
    2.6775275511E+01    3.2700000000E+00
    2.6936231340E+01    3.3000000000E+00
    2.6838175264E+01    3.3300000000E+00
    2.6961694087E+01    3.3600000000E+00
    2.7127271561E+01    3.3900000000E+00
    2.6947763748E+01    3.4200000000E+00
    2.6796441506E+01    3.4500000000E+00
    2.6895279950E+01    3.4800000000E+00
    2.7312242765E+01    3.5100000000E+00
    2.7055055498E+01    3.5400000000E+00
    2.6972333702E+01    3.5700000000E+00
    2.7289533073E+01    3.6000000000E+00
    2.6928436041E+01    3.6300000000E+00
    2.7017623168E+01    3.6600000000E+00
    2.6756888081E+01    3.6900000000E+00
    2.6874261985E+01    3.7200000000E+00
    2.6861080186E+01    3.7500000000E+00
    2.6861408988E+01    3.7800000000E+00
    2.6668865330E+01    3.8100000000E+00
    2.6714859847E+01    3.8400000000E+00
    2.6897073280E+01    3.8700000000E+00
    2.6658844531E+01    3.9000000000E+00
    2.6601784484E+01    3.9300000000E+00
    2.6519419533E+01    3.9600000000E+00
    2.6506762844E+01    3.9900000000E+00
    2.6516597773E+01    4.0200000000E+00
    2.6500037113E+01    4.0500000000E+00
