     #     T [K]    \rho(delta_nk) [meV]
    2.5000005106E+01    1.6500000000E+00
    2.5000006147E+01    1.6800000000E+00
    2.5000012133E+01    1.7100000000E+00
    2.5000067437E+01    1.7400000000E+00
    2.5000328544E+01    1.7700000000E+00
    2.5192625542E+01    1.8000000000E+00
    2.5012235302E+01    1.8300000000E+00
    2.5165285866E+01    1.8600000000E+00
    2.5188074612E+01    1.8900000000E+00
    2.5225716815E+01    1.9200000000E+00
    2.5169434781E+01    1.9500000000E+00
    2.5280153959E+01    1.9800000000E+00
    2.5112662312E+01    2.0100000000E+00
    2.5205862889E+01    2.0400000000E+00
    2.5221241477E+01    2.0700000000E+00
    2.5164184285E+01    2.1000000000E+00
    2.5320715035E+01    2.1300000000E+00
    2.5317656831E+01    2.1600000000E+00
    2.5538719877E+01    2.1900000000E+00
    2.5268924792E+01    2.2200000000E+00
    2.5353572304E+01    2.2500000000E+00
    2.5344737496E+01    2.2800000000E+00
    2.5523014248E+01    2.3100000000E+00
    2.5235151220E+01    2.3400000000E+00
    2.5215088849E+01    2.3700000000E+00
    2.5344542133E+01    2.4000000000E+00
    2.5243738506E+01    2.4300000000E+00
    2.5230323548E+01    2.4600000000E+00
    2.5404537565E+01    2.4900000000E+00
    2.5542777275E+01    2.5200000000E+00
    2.5176359227E+01    2.5500000000E+00
    2.5707625505E+01    2.5800000000E+00
    2.5557880257E+01    2.6100000000E+00
    2.5379954602E+01    2.6400000000E+00
    2.5582092289E+01    2.6700000000E+00
    2.5354264570E+01    2.7000000000E+00
    2.5546220455E+01    2.7300000000E+00
    2.5762897184E+01    2.7600000000E+00
    2.5662316316E+01    2.7900000000E+00
    2.5253749888E+01    2.8200000000E+00
    2.5612814367E+01    2.8500000000E+00
    2.5596031173E+01    2.8800000000E+00
    2.5594654032E+01    2.9100000000E+00
    2.5736874432E+01    2.9400000000E+00
    2.5587777160E+01    2.9700000000E+00
    2.5763881756E+01    3.0000000000E+00
    2.5401785751E+01    3.0300000000E+00
    2.5522457383E+01    3.0600000000E+00
    2.5541805327E+01    3.0900000000E+00
    2.5521775628E+01    3.1200000000E+00
    2.5435789403E+01    3.1500000000E+00
    2.5649876101E+01    3.1800000000E+00
    2.5863241194E+01    3.2100000000E+00
    2.5622701465E+01    3.2400000000E+00
    2.5261849045E+01    3.2700000000E+00
    2.5385263222E+01    3.3000000000E+00
    2.5226885542E+01    3.3300000000E+00
    2.5136455376E+01    3.3600000000E+00
    2.5084186573E+01    3.3900000000E+00
    2.5251065201E+01    3.4200000000E+00
    2.5174191167E+01    3.4500000000E+00
    2.5163551644E+01    3.4800000000E+00
    2.5333410555E+01    3.5100000000E+00
    2.5343183965E+01    3.5400000000E+00
    2.5161966580E+01    3.5700000000E+00
    2.5250494719E+01    3.6000000000E+00
    2.5482701953E+01    3.6300000000E+00
    2.5388680675E+01    3.6600000000E+00
    2.5185343710E+01    3.6900000000E+00
    2.5335084179E+01    3.7200000000E+00
    2.5293420802E+01    3.7500000000E+00
    2.5339358503E+01    3.7800000000E+00
    2.5764264488E+01    3.8100000000E+00
    2.5548355168E+01    3.8400000000E+00
    2.5429022444E+01    3.8700000000E+00
    2.5339349479E+01    3.9000000000E+00
    2.5756880296E+01    3.9300000000E+00
    2.5557493838E+01    3.9600000000E+00
    2.5748672923E+01    3.9900000000E+00
    2.5525283044E+01    4.0200000000E+00
    2.6000000000E+01    4.0500000000E+00
    2.5437563878E+01    4.0800000000E+00
    2.5562154498E+01    4.1100000000E+00
    2.5432381356E+01    4.1400000000E+00
    2.5460048998E+01    4.1700000000E+00
    2.5402735642E+01    4.2000000000E+00
    2.5477465099E+01    4.2300000000E+00
    2.5297997412E+01    4.2600000000E+00
    2.5318161789E+01    4.2900000000E+00
    2.5253512896E+01    4.3200000000E+00
    2.5188158036E+01    4.3500000000E+00
    2.5409915595E+01    4.3800000000E+00
    2.5106172400E+01    4.4100000000E+00
    2.5253695313E+01    4.4400000000E+00
    2.5022186230E+01    4.4700000000E+00
    2.5024561044E+01    4.5000000000E+00
    2.5000163095E+01    4.5300000000E+00
    2.5021705066E+01    4.5600000000E+00
    2.5000011554E+01    4.5900000000E+00
