     #     T [K]    \rho(delta_nk) [meV]
    1.0500132141E+01    3.0900000000E+00
    1.0500006362E+01    3.1200000000E+00
    1.0500012554E+01    3.1500000000E+00
    1.0500034777E+01    3.1800000000E+00
    1.0517578368E+01    3.2100000000E+00
    1.0527373004E+01    3.2400000000E+00
    1.0501040213E+01    3.2700000000E+00
    1.0502371686E+01    3.3000000000E+00
    1.0605584981E+01    3.3300000000E+00
    1.0652714471E+01    3.3600000000E+00
    1.0563328182E+01    3.3900000000E+00
    1.0589328398E+01    3.4200000000E+00
    1.0645226059E+01    3.4500000000E+00
    1.0712503102E+01    3.4800000000E+00
    1.0728133535E+01    3.5100000000E+00
    1.0757716064E+01    3.5400000000E+00
    1.0876536538E+01    3.5700000000E+00
    1.0726272437E+01    3.6000000000E+00
    1.0710803809E+01    3.6300000000E+00
    1.0740795404E+01    3.6600000000E+00
    1.0751835847E+01    3.6900000000E+00
    1.0658957293E+01    3.7200000000E+00
    1.0746128322E+01    3.7500000000E+00
    1.0733921294E+01    3.7800000000E+00
    1.0773247181E+01    3.8100000000E+00
    1.0903100430E+01    3.8400000000E+00
    1.0880347050E+01    3.8700000000E+00
    1.0857098274E+01    3.9000000000E+00
    1.0713326272E+01    3.9300000000E+00
    1.0996947455E+01    3.9600000000E+00
    1.0781336323E+01    3.9900000000E+00
    1.1170415479E+01    4.0200000000E+00
    1.1021865051E+01    4.0500000000E+00
    1.0968509064E+01    4.0800000000E+00
    1.1033286745E+01    4.1100000000E+00
    1.0827201375E+01    4.1400000000E+00
    1.0901414497E+01    4.1700000000E+00
    1.1090713745E+01    4.2000000000E+00
    1.0780839159E+01    4.2300000000E+00
    1.1071282775E+01    4.2600000000E+00
    1.0886155116E+01    4.2900000000E+00
    1.1128627139E+01    4.3200000000E+00
    1.1129162162E+01    4.3500000000E+00
    1.1093128366E+01    4.3800000000E+00
    1.0951844231E+01    4.4100000000E+00
    1.1162948125E+01    4.4400000000E+00
    1.1009026758E+01    4.4700000000E+00
    1.0802668424E+01    4.5000000000E+00
    1.0906165035E+01    4.5300000000E+00
    1.0708371118E+01    4.5600000000E+00
    1.0750591900E+01    4.5900000000E+00
    1.0703858975E+01    4.6200000000E+00
    1.0791182460E+01    4.6500000000E+00
    1.0614507926E+01    4.6800000000E+00
    1.0760115605E+01    4.7100000000E+00
    1.0839616649E+01    4.7400000000E+00
    1.1078218384E+01    4.7700000000E+00
    1.1123130769E+01    4.8000000000E+00
    1.0861339845E+01    4.8300000000E+00
    1.1001205869E+01    4.8600000000E+00
    1.0932461721E+01    4.8900000000E+00
    1.1146936985E+01    4.9200000000E+00
    1.1461951005E+01    4.9500000000E+00
    1.0859075037E+01    4.9800000000E+00
    1.0840307154E+01    5.0100000000E+00
    1.0802235999E+01    5.0400000000E+00
    1.0935300153E+01    5.0700000000E+00
    1.0888248828E+01    5.1000000000E+00
    1.1042925401E+01    5.1300000000E+00
    1.1074972799E+01    5.1600000000E+00
    1.1238772751E+01    5.1900000000E+00
    1.0982681468E+01    5.2200000000E+00
    1.1054756179E+01    5.2500000000E+00
    1.1104760925E+01    5.2800000000E+00
    1.1406365278E+01    5.3100000000E+00
    1.0989966962E+01    5.3400000000E+00
    1.0832359327E+01    5.3700000000E+00
    1.0932744215E+01    5.4000000000E+00
    1.0768356617E+01    5.4300000000E+00
    1.1307722018E+01    5.4600000000E+00
    1.1071512718E+01    5.4900000000E+00
    1.1323462227E+01    5.5200000000E+00
    1.0700304771E+01    5.5500000000E+00
    1.0938458808E+01    5.5800000000E+00
    1.0874185047E+01    5.6100000000E+00
    1.0904609628E+01    5.6400000000E+00
    1.1500000000E+01    5.6700000000E+00
    1.0959684870E+01    5.7000000000E+00
    1.0820149217E+01    5.7300000000E+00
    1.0609797582E+01    5.7600000000E+00
    1.0618595006E+01    5.7900000000E+00
    1.0736708458E+01    5.8200000000E+00
    1.0840759849E+01    5.8500000000E+00
    1.0854376268E+01    5.8800000000E+00
    1.0711000063E+01    5.9100000000E+00
    1.0828423070E+01    5.9400000000E+00
    1.0749149306E+01    5.9700000000E+00
    1.0780054154E+01    6.0000000000E+00
    1.0798593239E+01    6.0300000000E+00
    1.0576786922E+01    6.0600000000E+00
    1.0723503883E+01    6.0900000000E+00
    1.0583932621E+01    6.1200000000E+00
    1.0516218348E+01    6.1500000000E+00
    1.0513703732E+01    6.1800000000E+00
    1.0506210971E+01    6.2100000000E+00
    1.0522372605E+01    6.2400000000E+00
    1.0500022327E+01    6.2700000000E+00
