     #     T [K]    \rho(delta_nk) [meV]
    4.5000066775E+00    3.1200000000E+00
    4.5001275240E+00    3.1500000000E+00
    4.5000121645E+00    3.2100000000E+00
    4.5000356835E+00    3.2400000000E+00
    4.5332055950E+00    3.2700000000E+00
    4.5113600591E+00    3.3000000000E+00
    4.5003837435E+00    3.3300000000E+00
    4.5637235591E+00    3.3600000000E+00
    4.6565901312E+00    3.3900000000E+00
    4.5534861151E+00    3.4200000000E+00
    4.6257247444E+00    3.4500000000E+00
    4.5588518665E+00    3.4800000000E+00
    4.7237342995E+00    3.5100000000E+00
    4.6733426831E+00    3.5400000000E+00
    4.8137261266E+00    3.5700000000E+00
    4.7298698115E+00    3.6000000000E+00
    4.8155955806E+00    3.6300000000E+00
    4.6169238900E+00    3.6600000000E+00
    4.8101869148E+00    3.6900000000E+00
    4.8094944742E+00    3.7200000000E+00
    4.5888207363E+00    3.7500000000E+00
    4.7196385208E+00    3.7800000000E+00
    4.7491139464E+00    3.8100000000E+00
    4.8578764759E+00    3.8400000000E+00
    4.7747766870E+00    3.8700000000E+00
    4.9303653085E+00    3.9000000000E+00
    4.8527051474E+00    3.9300000000E+00
    4.6207762830E+00    3.9600000000E+00
    5.0589287253E+00    3.9900000000E+00
    4.8290442139E+00    4.0200000000E+00
    4.8603717577E+00    4.0500000000E+00
    5.0286365265E+00    4.0800000000E+00
    5.1371294836E+00    4.1100000000E+00
    5.0213614670E+00    4.1400000000E+00
    4.7648656118E+00    4.1700000000E+00
    4.8397440311E+00    4.2000000000E+00
    5.2127926678E+00    4.2300000000E+00
    4.7700825045E+00    4.2600000000E+00
    4.8971690513E+00    4.2900000000E+00
    4.9138531386E+00    4.3200000000E+00
    5.0211652998E+00    4.3500000000E+00
    5.2026548276E+00    4.3800000000E+00
    4.9561668943E+00    4.4100000000E+00
    5.0575764589E+00    4.4400000000E+00
    5.1564143402E+00    4.4700000000E+00
    4.9215941061E+00    4.5000000000E+00
    4.8562249352E+00    4.5300000000E+00
    4.8780194126E+00    4.5600000000E+00
    4.7414291485E+00    4.5900000000E+00
    4.8587071583E+00    4.6200000000E+00
    4.5807813819E+00    4.6500000000E+00
    4.8826351174E+00    4.6800000000E+00
    4.5788923321E+00    4.7100000000E+00
    4.7578177598E+00    4.7400000000E+00
    4.6960068879E+00    4.7700000000E+00
    4.8956048956E+00    4.8000000000E+00
    5.1225439283E+00    4.8300000000E+00
    5.1539555707E+00    4.8600000000E+00
    4.9050897055E+00    4.8900000000E+00
    4.7354921705E+00    4.9200000000E+00
    5.1516028303E+00    4.9500000000E+00
    5.0499856296E+00    4.9800000000E+00
    5.3863971756E+00    5.0100000000E+00
    4.9003424718E+00    5.0400000000E+00
    4.8163078292E+00    5.0700000000E+00
    4.6257707691E+00    5.1000000000E+00
    4.9935650148E+00    5.1300000000E+00
    4.8873893728E+00    5.1600000000E+00
    5.0508203683E+00    5.1900000000E+00
    5.3404952836E+00    5.2200000000E+00
    4.8281286255E+00    5.2500000000E+00
    5.1185253033E+00    5.2800000000E+00
    5.1993568883E+00    5.3100000000E+00
    5.2588036484E+00    5.3400000000E+00
    5.1587928123E+00    5.3700000000E+00
    4.7810618717E+00    5.4000000000E+00
    4.7678790973E+00    5.4300000000E+00
    4.8660903575E+00    5.4600000000E+00
    5.1937143104E+00    5.4900000000E+00
    4.9289060390E+00    5.5200000000E+00
    5.4298387749E+00    5.5500000000E+00
    4.8337190044E+00    5.5800000000E+00
    4.7977118816E+00    5.6100000000E+00
    5.0838622518E+00    5.6400000000E+00
    4.7169675446E+00    5.6700000000E+00
    5.5000000000E+00    5.7000000000E+00
    4.9718628499E+00    5.7300000000E+00
    4.7856374494E+00    5.7600000000E+00
    4.7193533130E+00    5.7900000000E+00
    4.6047342072E+00    5.8200000000E+00
    4.6919653103E+00    5.8500000000E+00
    4.8021028899E+00    5.8800000000E+00
    4.8489041530E+00    5.9100000000E+00
    4.8153824317E+00    5.9400000000E+00
    4.7720363175E+00    5.9700000000E+00
    4.7359894630E+00    6.0000000000E+00
    4.7125645668E+00    6.0300000000E+00
    4.7735643868E+00    6.0600000000E+00
    4.6836483910E+00    6.0900000000E+00
    4.5900797345E+00    6.1200000000E+00
    4.7280204479E+00    6.1500000000E+00
    4.5259247576E+00    6.1800000000E+00
    4.5080771125E+00    6.2100000000E+00
    4.5161973625E+00    6.2400000000E+00
    4.5001169748E+00    6.2700000000E+00
    4.5216491565E+00    6.3000000000E+00
    4.5000115429E+00    6.3300000000E+00
