     #     T [K]    \rho(delta_nk) [meV]
    2.2000009952E+01    2.3100000000E+00
    2.2000000470E+01    2.3400000000E+00
    2.2000011237E+01    2.3700000000E+00
    2.2000143814E+01    2.4000000000E+00
    2.2010153260E+01    2.4300000000E+00
    2.2020821064E+01    2.4600000000E+00
    2.2129514763E+01    2.4900000000E+00
    2.2053988868E+01    2.5200000000E+00
    2.2067609209E+01    2.5500000000E+00
    2.2055565221E+01    2.5800000000E+00
    2.2162851669E+01    2.6100000000E+00
    2.2190097725E+01    2.6400000000E+00
    2.2190941549E+01    2.6700000000E+00
    2.2285116217E+01    2.7000000000E+00
    2.2160084285E+01    2.7300000000E+00
    2.2310140922E+01    2.7600000000E+00
    2.2183787210E+01    2.7900000000E+00
    2.2297255641E+01    2.8200000000E+00
    2.2196764667E+01    2.8500000000E+00
    2.2168332656E+01    2.8800000000E+00
    2.2236445209E+01    2.9100000000E+00
    2.2202173979E+01    2.9400000000E+00
    2.2150816620E+01    2.9700000000E+00
    2.2261606696E+01    3.0000000000E+00
    2.2279321085E+01    3.0300000000E+00
    2.2179758369E+01    3.0600000000E+00
    2.2236424803E+01    3.0900000000E+00
    2.2412223428E+01    3.1200000000E+00
    2.2357658643E+01    3.1500000000E+00
    2.2393663345E+01    3.1800000000E+00
    2.2537860252E+01    3.2100000000E+00
    2.2489658256E+01    3.2400000000E+00
    2.2284263405E+01    3.2700000000E+00
    2.2176058607E+01    3.3000000000E+00
    2.2748895626E+01    3.3300000000E+00
    2.2356142132E+01    3.3600000000E+00
    2.2577758569E+01    3.3900000000E+00
    2.2689103491E+01    3.4200000000E+00
    2.2453302106E+01    3.4500000000E+00
    2.2441861099E+01    3.4800000000E+00
    2.2418692584E+01    3.5100000000E+00
    2.2469399069E+01    3.5400000000E+00
    2.2676029729E+01    3.5700000000E+00
    2.2780415423E+01    3.6000000000E+00
    2.2299905627E+01    3.6300000000E+00
    2.2540955607E+01    3.6600000000E+00
    2.2512715664E+01    3.6900000000E+00
    2.3000000000E+01    3.7200000000E+00
    2.2438087755E+01    3.7500000000E+00
    2.2288886553E+01    3.7800000000E+00
    2.2432561170E+01    3.8100000000E+00
    2.2572907721E+01    3.8400000000E+00
    2.2717812214E+01    3.8700000000E+00
    2.2263998592E+01    3.9000000000E+00
    2.2281646056E+01    3.9300000000E+00
    2.2338448947E+01    3.9600000000E+00
    2.2464553193E+01    3.9900000000E+00
    2.2377798761E+01    4.0200000000E+00
    2.2339230252E+01    4.0500000000E+00
    2.2606235684E+01    4.0800000000E+00
    2.2397233536E+01    4.1100000000E+00
    2.2356936773E+01    4.1400000000E+00
    2.2602030938E+01    4.1700000000E+00
    2.2492078089E+01    4.2000000000E+00
    2.2357769615E+01    4.2300000000E+00
    2.2210418416E+01    4.2600000000E+00
    2.2276651603E+01    4.2900000000E+00
    2.2283060258E+01    4.3200000000E+00
    2.2232043746E+01    4.3500000000E+00
    2.2514752967E+01    4.3800000000E+00
    2.2540849168E+01    4.4100000000E+00
    2.2541376720E+01    4.4400000000E+00
    2.2358255204E+01    4.4700000000E+00
    2.2199809612E+01    4.5000000000E+00
    2.2253670550E+01    4.5300000000E+00
    2.2693538641E+01    4.5600000000E+00
    2.2608338385E+01    4.5900000000E+00
    2.2617847548E+01    4.6200000000E+00
    2.2402175848E+01    4.6500000000E+00
    2.2514577430E+01    4.6800000000E+00
    2.2606919825E+01    4.7100000000E+00
    2.2443780821E+01    4.7400000000E+00
    2.2438478846E+01    4.7700000000E+00
    2.2343097857E+01    4.8000000000E+00
    2.2234569028E+01    4.8300000000E+00
    2.2288244721E+01    4.8600000000E+00
    2.2298846176E+01    4.8900000000E+00
    2.2447110180E+01    4.9200000000E+00
    2.2198028170E+01    4.9500000000E+00
    2.2256010923E+01    4.9800000000E+00
    2.2215074263E+01    5.0100000000E+00
    2.2273856377E+01    5.0400000000E+00
    2.2190886091E+01    5.0700000000E+00
    2.2178517778E+01    5.1000000000E+00
    2.2091121164E+01    5.1300000000E+00
    2.2022579012E+01    5.1600000000E+00
    2.2008249809E+01    5.1900000000E+00
    2.2012850536E+01    5.2200000000E+00
    2.2007402619E+01    5.2500000000E+00
    2.2000010701E+01    5.2800000000E+00
