     #     T [K]    \rho(delta_nk) [meV]
    2.6000005375E+01    1.5000000000E+00
    2.6000006470E+01    1.5300000000E+00
    2.6000048270E+01    1.5600000000E+00
    2.6000035474E+01    1.5900000000E+00
    2.6036336421E+01    1.6200000000E+00
    2.6149775683E+01    1.6500000000E+00
    2.6113478881E+01    1.6800000000E+00
    2.6095276142E+01    1.7100000000E+00
    2.6281809872E+01    1.7400000000E+00
    2.6232189149E+01    1.7700000000E+00
    2.6200387373E+01    1.8000000000E+00
    2.6249587933E+01    1.8300000000E+00
    2.6246054291E+01    1.8600000000E+00
    2.6130502831E+01    1.8900000000E+00
    2.6273457284E+01    1.9200000000E+00
    2.6353317317E+01    1.9500000000E+00
    2.6336863241E+01    1.9800000000E+00
    2.6642549071E+01    2.0100000000E+00
    2.6310937278E+01    2.0400000000E+00
    2.6420220158E+01    2.0700000000E+00
    2.6422680551E+01    2.1000000000E+00
    2.6499276906E+01    2.1300000000E+00
    2.6276576513E+01    2.1600000000E+00
    2.6244543468E+01    2.1900000000E+00
    2.6273736097E+01    2.2200000000E+00
    2.6295049202E+01    2.2500000000E+00
    2.6545622546E+01    2.2800000000E+00
    2.6587811334E+01    2.3100000000E+00
    2.6265575126E+01    2.3400000000E+00
    2.6739946716E+01    2.3700000000E+00
    2.6590038594E+01    2.4000000000E+00
    2.6405628861E+01    2.4300000000E+00
    2.6582554113E+01    2.4600000000E+00
    2.6376830547E+01    2.4900000000E+00
    2.6771263802E+01    2.5200000000E+00
    2.6624134138E+01    2.5500000000E+00
    2.6458646599E+01    2.5800000000E+00
    2.6490382799E+01    2.6100000000E+00
    2.6557042950E+01    2.6400000000E+00
    2.6836130824E+01    2.6700000000E+00
    2.6763174305E+01    2.7000000000E+00
    2.6816626554E+01    2.7300000000E+00
    2.6578774817E+01    2.7600000000E+00
    2.6572461501E+01    2.7900000000E+00
    2.6394060379E+01    2.8200000000E+00
    2.6597920315E+01    2.8500000000E+00
    2.6795694018E+01    2.8800000000E+00
    2.6539706493E+01    2.9100000000E+00
    2.6605639913E+01    2.9400000000E+00
    2.6609091326E+01    2.9700000000E+00
    2.6840216101E+01    3.0000000000E+00
    2.6832348482E+01    3.0300000000E+00
    2.6168734450E+01    3.0600000000E+00
    2.6138926580E+01    3.0900000000E+00
    2.6158325087E+01    3.1200000000E+00
    2.6113450324E+01    3.1500000000E+00
    2.6180079342E+01    3.1800000000E+00
    2.6211508416E+01    3.2100000000E+00
    2.6209705024E+01    3.2400000000E+00
    2.6364503560E+01    3.2700000000E+00
    2.6196086550E+01    3.3000000000E+00
    2.6352018585E+01    3.3300000000E+00
    2.6153358643E+01    3.3600000000E+00
    2.6662176057E+01    3.3900000000E+00
    2.6392467189E+01    3.4200000000E+00
    2.6240965248E+01    3.4500000000E+00
    2.6438634418E+01    3.4800000000E+00
    2.6206837802E+01    3.5100000000E+00
    2.6554297641E+01    3.5400000000E+00
    2.6883635398E+01    3.5700000000E+00
    2.6417556909E+01    3.6000000000E+00
    2.6524100160E+01    3.6300000000E+00
    2.6610077125E+01    3.6600000000E+00
    2.6561777977E+01    3.6900000000E+00
    2.7000000000E+01    3.7200000000E+00
    2.6807601193E+01    3.7500000000E+00
    2.6874346007E+01    3.7800000000E+00
    2.6583724088E+01    3.8100000000E+00
    2.6563979458E+01    3.8400000000E+00
    2.6462329130E+01    3.8700000000E+00
    2.6604949317E+01    3.9000000000E+00
    2.6442195881E+01    3.9300000000E+00
    2.6342479656E+01    3.9600000000E+00
    2.6546260599E+01    3.9900000000E+00
    2.6221987375E+01    4.0200000000E+00
    2.6253084595E+01    4.0500000000E+00
    2.6276600111E+01    4.0800000000E+00
    2.6318898828E+01    4.1100000000E+00
    2.6185308502E+01    4.1400000000E+00
    2.6111041353E+01    4.1700000000E+00
    2.6034960929E+01    4.2000000000E+00
    2.6000357281E+01    4.2300000000E+00
    2.6022929138E+01    4.2600000000E+00
    2.6000040749E+01    4.2900000000E+00
