     #     T [K]    \rho(delta_nk) [meV]
    1.1000006370E+01    3.0600000000E+00
    1.1000160548E+01    3.0900000000E+00
    1.1000000664E+01    3.1200000000E+00
    1.1000015190E+01    3.1500000000E+00
    1.1000042078E+01    3.1800000000E+00
    1.1021276302E+01    3.2100000000E+00
    1.1033240618E+01    3.2400000000E+00
    1.1001242078E+01    3.2700000000E+00
    1.1078987757E+01    3.3000000000E+00
    1.1138542726E+01    3.3300000000E+00
    1.1114597215E+01    3.3600000000E+00
    1.1059970249E+01    3.3900000000E+00
    1.1172564839E+01    3.4200000000E+00
    1.1249303054E+01    3.4500000000E+00
    1.1200187031E+01    3.4800000000E+00
    1.1272400062E+01    3.5100000000E+00
    1.1371363166E+01    3.5400000000E+00
    1.1403952806E+01    3.5700000000E+00
    1.1225344533E+01    3.6000000000E+00
    1.1229869409E+01    3.6300000000E+00
    1.1439158244E+01    3.6600000000E+00
    1.1163909664E+01    3.6900000000E+00
    1.1291597264E+01    3.7200000000E+00
    1.1227906070E+01    3.7500000000E+00
    1.1356890232E+01    3.7800000000E+00
    1.1345624772E+01    3.8100000000E+00
    1.1513856616E+01    3.8400000000E+00
    1.1400835634E+01    3.8700000000E+00
    1.1395401511E+01    3.9000000000E+00
    1.1477318495E+01    3.9300000000E+00
    1.1375698797E+01    3.9600000000E+00
    1.1509886582E+01    3.9900000000E+00
    1.1690520586E+01    4.0200000000E+00
    1.1688823597E+01    4.0500000000E+00
    1.1475652300E+01    4.0800000000E+00
    1.1626843111E+01    4.1100000000E+00
    1.1480182571E+01    4.1400000000E+00
    1.1692069465E+01    4.1700000000E+00
    1.1497652878E+01    4.2000000000E+00
    1.1313134294E+01    4.2300000000E+00
    1.1785242751E+01    4.2600000000E+00
    1.1499772757E+01    4.2900000000E+00
    1.1671866475E+01    4.3200000000E+00
    1.1726312767E+01    4.3500000000E+00
    1.1712008837E+01    4.3800000000E+00
    1.1905049014E+01    4.4100000000E+00
    1.1447448565E+01    4.4400000000E+00
    1.1668642357E+01    4.4700000000E+00
    1.1305466856E+01    4.5000000000E+00
    1.1538125946E+01    4.5300000000E+00
    1.1283798961E+01    4.5600000000E+00
    1.1223757711E+01    4.5900000000E+00
    1.1267210433E+01    4.6200000000E+00
    1.1277815985E+01    4.6500000000E+00
    1.1284950133E+01    4.6800000000E+00
    1.1323792860E+01    4.7100000000E+00
    1.1361921322E+01    4.7400000000E+00
    1.2000000000E+01    4.7700000000E+00
    1.1448045496E+01    4.8000000000E+00
    1.1549786755E+01    4.8300000000E+00
    1.1647640329E+01    4.8600000000E+00
    1.1348397309E+01    4.8900000000E+00
    1.1930758629E+01    4.9200000000E+00
    1.1893664305E+01    4.9500000000E+00
    1.1787441339E+01    4.9800000000E+00
    1.1392976662E+01    5.0100000000E+00
    1.1170040539E+01    5.0400000000E+00
    1.1661089277E+01    5.0700000000E+00
    1.1426608028E+01    5.1000000000E+00
    1.1599827918E+01    5.1300000000E+00
    1.1909279654E+01    5.1600000000E+00
    1.1636542249E+01    5.1900000000E+00
    1.1795642897E+01    5.2200000000E+00
    1.1615845166E+01    5.2500000000E+00
    1.1960505678E+01    5.2800000000E+00
    1.1826554300E+01    5.3100000000E+00
    1.1600837133E+01    5.3400000000E+00
    1.1339057148E+01    5.3700000000E+00
    1.1443972450E+01    5.4000000000E+00
    1.1564651951E+01    5.4300000000E+00
    1.1758294933E+01    5.4600000000E+00
    1.1876101733E+01    5.4900000000E+00
    1.1764557904E+01    5.5200000000E+00
    1.1429462238E+01    5.5500000000E+00
    1.1380572272E+01    5.5800000000E+00
    1.1467608242E+01    5.6100000000E+00
    1.1885062055E+01    5.6400000000E+00
    1.1826795736E+01    5.6700000000E+00
    1.1492316154E+01    5.7000000000E+00
    1.1347995406E+01    5.7300000000E+00
    1.1145617171E+01    5.7600000000E+00
    1.1226450756E+01    5.7900000000E+00
    1.1352828885E+01    5.8200000000E+00
    1.1372252425E+01    5.8500000000E+00
    1.1493105725E+01    5.8800000000E+00
    1.1259855395E+01    5.9100000000E+00
    1.1189146752E+01    5.9400000000E+00
    1.1447781120E+01    5.9700000000E+00
    1.1281458946E+01    6.0000000000E+00
    1.1249250962E+01    6.0300000000E+00
    1.1129889427E+01    6.0600000000E+00
    1.1309893423E+01    6.0900000000E+00
    1.1033832768E+01    6.1200000000E+00
    1.1010693938E+01    6.1500000000E+00
    1.1020236294E+01    6.1800000000E+00
    1.1000217725E+01    6.2100000000E+00
    1.1027060442E+01    6.2400000000E+00
    1.1000014412E+01    6.2700000000E+00
