     #     T [K]    \rho(delta_nk) [meV]
    8.5000061637E+00    3.0900000000E+00
    8.5001553551E+00    3.1200000000E+00
    8.5000006420E+00    3.1500000000E+00
    8.5000146988E+00    3.1800000000E+00
    8.5000409211E+00    3.2100000000E+00
    8.5206212298E+00    3.2400000000E+00
    8.5321322355E+00    3.2700000000E+00
    8.5012019056E+00    3.3000000000E+00
    8.5764361944E+00    3.3300000000E+00
    8.6340586576E+00    3.3600000000E+00
    8.6117102356E+00    3.3900000000E+00
    8.5595727692E+00    3.4200000000E+00
    8.6647386864E+00    3.4500000000E+00
    8.6766318894E+00    3.4800000000E+00
    8.7582049551E+00    3.5100000000E+00
    8.7795787143E+00    3.5400000000E+00
    8.8415510325E+00    3.5700000000E+00
    8.8926985533E+00    3.6000000000E+00
    8.7180559558E+00    3.6300000000E+00
    8.7224619087E+00    3.6600000000E+00
    8.9150689747E+00    3.6900000000E+00
    8.6791390871E+00    3.7200000000E+00
    8.6725501652E+00    3.7500000000E+00
    8.8368548043E+00    3.7800000000E+00
    8.8469258829E+00    3.8100000000E+00
    8.8304915788E+00    3.8400000000E+00
    9.0944473750E+00    3.8700000000E+00
    8.7908188710E+00    3.9000000000E+00
    8.8657424142E+00    3.9300000000E+00
    9.0347206674E+00    3.9600000000E+00
    8.8113650547E+00    3.9900000000E+00
    8.9748152954E+00    4.0200000000E+00
    9.1678270204E+00    4.0500000000E+00
    9.2000949329E+00    4.0800000000E+00
    9.0106114051E+00    4.1100000000E+00
    9.0313037734E+00    4.1400000000E+00
    8.8732659051E+00    4.1700000000E+00
    9.2705654047E+00    4.2000000000E+00
    8.9665490849E+00    4.2300000000E+00
    8.8811319227E+00    4.2600000000E+00
    9.1974830585E+00    4.2900000000E+00
    9.0352631805E+00    4.3200000000E+00
    9.0648028864E+00    4.3500000000E+00
    9.1744215257E+00    4.3800000000E+00
    9.2593992649E+00    4.4100000000E+00
    9.4238268386E+00    4.4400000000E+00
    8.8576809453E+00    4.4700000000E+00
    9.0455523162E+00    4.5000000000E+00
    8.8998864643E+00    4.5300000000E+00
    8.9315503958E+00    4.5600000000E+00
    8.8892666626E+00    4.5900000000E+00
    8.6734314637E+00    4.6200000000E+00
    8.7634630725E+00    4.6500000000E+00
    8.7765884154E+00    4.6800000000E+00
    8.7377493554E+00    4.7100000000E+00
    8.7807552256E+00    4.7400000000E+00
    8.9148285305E+00    4.7700000000E+00
    9.1410165416E+00    4.8000000000E+00
    9.1541251795E+00    4.8300000000E+00
    9.0616218885E+00    4.8600000000E+00
    9.0360032998E+00    4.8900000000E+00
    9.0453982982E+00    4.9200000000E+00
    9.3470205527E+00    4.9500000000E+00
    9.1790322469E+00    4.9800000000E+00
    9.4416142750E+00    5.0100000000E+00
    8.7380821225E+00    5.0400000000E+00
    8.6992877129E+00    5.0700000000E+00
    9.0904031110E+00    5.1000000000E+00
    8.9623145417E+00    5.1300000000E+00
    9.1202093188E+00    5.1600000000E+00
    9.1945528798E+00    5.1900000000E+00
    9.3133204115E+00    5.2200000000E+00
    9.2887681483E+00    5.2500000000E+00
    9.0092546868E+00    5.2800000000E+00
    9.1987783786E+00    5.3100000000E+00
    9.4881660830E+00    5.3400000000E+00
    9.0517003220E+00    5.3700000000E+00
    8.8707910224E+00    5.4000000000E+00
    9.1082370071E+00    5.4300000000E+00
    9.0302246656E+00    5.4600000000E+00
    9.1847330775E+00    5.4900000000E+00
    9.3327106861E+00    5.5200000000E+00
    9.1787597760E+00    5.5500000000E+00
    8.9702364553E+00    5.5800000000E+00
    8.9023743324E+00    5.6100000000E+00
    8.8749178290E+00    5.6400000000E+00
    9.1445449590E+00    5.6700000000E+00
    9.5000000000E+00    5.7000000000E+00
    9.0409854674E+00    5.7300000000E+00
    8.9147491686E+00    5.7600000000E+00
    8.6406947313E+00    5.7900000000E+00
    8.5843361041E+00    5.8200000000E+00
    8.9764776528E+00    5.8500000000E+00
    8.7050889243E+00    5.8800000000E+00
    9.0632972268E+00    5.9100000000E+00
    8.7382911486E+00    5.9400000000E+00
    8.7651723829E+00    5.9700000000E+00
    8.8579904291E+00    6.0000000000E+00
    8.7534221315E+00    6.0300000000E+00
    8.8354309395E+00    6.0600000000E+00
    8.6091971002E+00    6.0900000000E+00
    8.7535793681E+00    6.1200000000E+00
    8.5944229957E+00    6.1500000000E+00
    8.5079010671E+00    6.1800000000E+00
    8.5160444662E+00    6.2100000000E+00
    8.5072718671E+00    6.2400000000E+00
    8.5261940697E+00    6.2700000000E+00
    8.5000261401E+00    6.3000000000E+00
