     #     T [K]    \rho(delta_nk) [meV]
    1.7000005868E+01    2.7900000000E+00
    1.7000007063E+01    2.8200000000E+00
    1.7000139625E+01    2.8500000000E+00
    1.7000015805E+01    2.8800000000E+00
    1.7000038749E+01    2.9100000000E+00
    1.7038186706E+01    2.9400000000E+00
    1.7013069999E+01    2.9700000000E+00
    1.7000438897E+01    3.0000000000E+00
    1.7178475411E+01    3.0300000000E+00
    1.7053294945E+01    3.0600000000E+00
    1.7117462751E+01    3.0900000000E+00
    1.7109034521E+01    3.1200000000E+00
    1.7193981966E+01    3.1500000000E+00
    1.7226840186E+01    3.1800000000E+00
    1.7344507288E+01    3.2100000000E+00
    1.7146201469E+01    3.2400000000E+00
    1.7266187728E+01    3.2700000000E+00
    1.7471976597E+01    3.3000000000E+00
    1.7187231218E+01    3.3300000000E+00
    1.7195278107E+01    3.3600000000E+00
    1.7375600519E+01    3.3900000000E+00
    1.7143994209E+01    3.4200000000E+00
    1.7307051049E+01    3.4500000000E+00
    1.7185750966E+01    3.4800000000E+00
    1.7203996623E+01    3.5100000000E+00
    1.7269351009E+01    3.5400000000E+00
    1.7218949955E+01    3.5700000000E+00
    1.7454221238E+01    3.6000000000E+00
    1.7405547021E+01    3.6300000000E+00
    1.7491158656E+01    3.6600000000E+00
    1.7632255739E+01    3.6900000000E+00
    1.7406674492E+01    3.7200000000E+00
    1.7667560402E+01    3.7500000000E+00
    1.7420294754E+01    3.7800000000E+00
    1.7451754234E+01    3.8100000000E+00
    1.7614821699E+01    3.8400000000E+00
    1.7638902090E+01    3.8700000000E+00
    1.7523153971E+01    3.9000000000E+00
    1.7277638353E+01    3.9300000000E+00
    1.7467672438E+01    3.9600000000E+00
    1.7711965300E+01    3.9900000000E+00
    1.7698911557E+01    4.0200000000E+00
    1.7652531692E+01    4.0500000000E+00
    1.7564493823E+01    4.0800000000E+00
    1.7365271001E+01    4.1100000000E+00
    1.7707688211E+01    4.1400000000E+00
    1.7598997928E+01    4.1700000000E+00
    1.7975348187E+01    4.2000000000E+00
    1.7532893279E+01    4.2300000000E+00
    1.7209174633E+01    4.2600000000E+00
    1.7166277312E+01    4.2900000000E+00
    1.7356865439E+01    4.3200000000E+00
    1.7654772519E+01    4.3500000000E+00
    1.7511297528E+01    4.3800000000E+00
    1.7184232423E+01    4.4100000000E+00
    1.7332836979E+01    4.4400000000E+00
    1.7559832976E+01    4.4700000000E+00
    1.7487320867E+01    4.5000000000E+00
    1.7655376834E+01    4.5300000000E+00
    1.7565744478E+01    4.5600000000E+00
    1.7728538070E+01    4.5900000000E+00
    1.7927908619E+01    4.6200000000E+00
    1.7221815201E+01    4.6500000000E+00
    1.7901242777E+01    4.6800000000E+00
    1.7598396883E+01    4.7100000000E+00
    1.7400655180E+01    4.7400000000E+00
    1.7698243818E+01    4.7700000000E+00
    1.7291292564E+01    4.8000000000E+00
    1.7235567434E+01    4.8300000000E+00
    1.7373047956E+01    4.8600000000E+00
    1.7963888590E+01    4.8900000000E+00
    1.7561125524E+01    4.9200000000E+00
    1.7616500351E+01    4.9500000000E+00
    1.7825630521E+01    4.9800000000E+00
    1.7657109830E+01    5.0100000000E+00
    1.7492303353E+01    5.0400000000E+00
    1.7353966879E+01    5.0700000000E+00
    1.7173305263E+01    5.1000000000E+00
    1.7359885763E+01    5.1300000000E+00
    1.7798995796E+01    5.1600000000E+00
    1.7752476258E+01    5.1900000000E+00
    1.7687644543E+01    5.2200000000E+00
    1.7364115108E+01    5.2500000000E+00
    1.7675839875E+01    5.2800000000E+00
    1.7305224757E+01    5.3100000000E+00
    1.8000000000E+01    5.3400000000E+00
    1.7406818694E+01    5.3700000000E+00
    1.7545556455E+01    5.4000000000E+00
    1.7311836558E+01    5.4300000000E+00
    1.7111054446E+01    5.4600000000E+00
    1.7326288106E+01    5.4900000000E+00
    1.7235967560E+01    5.5200000000E+00
    1.7551569632E+01    5.5500000000E+00
    1.7314562950E+01    5.5800000000E+00
    1.7258474077E+01    5.6100000000E+00
    1.7321066707E+01    5.6400000000E+00
    1.7226635154E+01    5.6700000000E+00
    1.7452238622E+01    5.7000000000E+00
    1.7089367544E+01    5.7300000000E+00
    1.7200501499E+01    5.7600000000E+00
    1.7104101467E+01    5.7900000000E+00
    1.7007521375E+01    5.8200000000E+00
    1.7022015321E+01    5.8500000000E+00
    1.7000180527E+01    5.8800000000E+00
    1.7024946901E+01    5.9100000000E+00
    1.7000013276E+01    5.9400000000E+00
