     #     T [K]    \rho(delta_nk) [meV]
    2.9500005941E+01    9.6000000000E-01
    2.9500025625E+01    9.9000000000E-01
    2.9500132875E+01    1.0200000000E+00
    2.9594633531E+01    1.0500000000E+00
    2.9595292459E+01    1.0800000000E+00
    2.9686562792E+01    1.1100000000E+00
    2.9707790417E+01    1.1400000000E+00
    2.9796087354E+01    1.1700000000E+00
    2.9827172565E+01    1.2000000000E+00
    2.9800902239E+01    1.2300000000E+00
    2.9828439965E+01    1.2600000000E+00
    2.9807764594E+01    1.2900000000E+00
    2.9771088178E+01    1.3200000000E+00
    2.9853881014E+01    1.3500000000E+00
    2.9907016151E+01    1.3800000000E+00
    3.0075153716E+01    1.4100000000E+00
    3.0048064007E+01    1.4400000000E+00
    3.0181405496E+01    1.4700000000E+00
    3.0271878808E+01    1.5000000000E+00
    3.0323705539E+01    1.5300000000E+00
    2.9967241582E+01    1.5600000000E+00
    3.0207385093E+01    1.5900000000E+00
    3.0225384421E+01    1.6200000000E+00
    3.0500000000E+01    1.6500000000E+00
    3.0029261018E+01    1.6800000000E+00
    3.0052883377E+01    1.7100000000E+00
    2.9877823887E+01    1.7400000000E+00
    2.9969418775E+01    1.7700000000E+00
    3.0200165921E+01    1.8000000000E+00
    2.9839830698E+01    1.8300000000E+00
    2.9935831971E+01    1.8600000000E+00
    2.9821589544E+01    1.8900000000E+00
    2.9912947791E+01    1.9200000000E+00
    2.9951764278E+01    1.9500000000E+00
    3.0100871860E+01    1.9800000000E+00
    3.0046395683E+01    2.0100000000E+00
    3.0343968182E+01    2.0400000000E+00
    3.0301577981E+01    2.0700000000E+00
    3.0113169972E+01    2.1000000000E+00
    2.9962713387E+01    2.1300000000E+00
    3.0017716978E+01    2.1600000000E+00
    2.9874255440E+01    2.1900000000E+00
    2.9736411348E+01    2.2200000000E+00
    2.9798565715E+01    2.2500000000E+00
    2.9663773157E+01    2.2800000000E+00
    2.9525344173E+01    2.3100000000E+00
    2.9512066664E+01    2.3400000000E+00
    2.9500006387E+01    2.3700000000E+00
