     #     T [K]    \rho(delta_nk) [meV]
    1.4500005216E+01    2.9400000000E+00
    1.4500005760E+01    2.9700000000E+00
    1.4500126244E+01    3.0000000000E+00
    1.4500012438E+01    3.0300000000E+00
    1.4500034455E+01    3.0600000000E+00
    1.4517415335E+01    3.0900000000E+00
    1.4527224552E+01    3.1200000000E+00
    1.4501017098E+01    3.1500000000E+00
    1.4563050981E+01    3.1800000000E+00
    1.4646530416E+01    3.2100000000E+00
    1.4562355518E+01    3.2400000000E+00
    1.4550728305E+01    3.2700000000E+00
    1.4639795058E+01    3.3000000000E+00
    1.4709895265E+01    3.3300000000E+00
    1.4657396287E+01    3.3600000000E+00
    1.4769144626E+01    3.3900000000E+00
    1.4757095003E+01    3.4200000000E+00
    1.4832315743E+01    3.4500000000E+00
    1.4755477574E+01    3.4800000000E+00
    1.4646374269E+01    3.5100000000E+00
    1.4790818209E+01    3.5400000000E+00
    1.4727224041E+01    3.5700000000E+00
    1.4768780565E+01    3.6000000000E+00
    1.4608297464E+01    3.6300000000E+00
    1.4788044952E+01    3.6600000000E+00
    1.4670296119E+01    3.6900000000E+00
    1.4867327775E+01    3.7200000000E+00
    1.4778950629E+01    3.7500000000E+00
    1.4907431610E+01    3.7800000000E+00
    1.4958668846E+01    3.8100000000E+00
    1.4714296796E+01    3.8400000000E+00
    1.5164098129E+01    3.8700000000E+00
    1.4967960712E+01    3.9000000000E+00
    1.4937513923E+01    3.9300000000E+00
    1.4985254529E+01    3.9600000000E+00
    1.4964397300E+01    3.9900000000E+00
    1.5065973009E+01    4.0200000000E+00
    1.4811000755E+01    4.0500000000E+00
    1.4923244103E+01    4.0800000000E+00
    1.4996819513E+01    4.1100000000E+00
    1.4923280680E+01    4.1400000000E+00
    1.5064914760E+01    4.1700000000E+00
    1.5072534400E+01    4.2000000000E+00
    1.5109652532E+01    4.2300000000E+00
    1.4995249803E+01    4.2600000000E+00
    1.4983449301E+01    4.2900000000E+00
    1.5171891586E+01    4.3200000000E+00
    1.4847962268E+01    4.3500000000E+00
    1.5213964083E+01    4.3800000000E+00
    1.4789098793E+01    4.4100000000E+00
    1.4628922898E+01    4.4400000000E+00
    1.4687033385E+01    4.4700000000E+00
    1.4738683499E+01    4.5000000000E+00
    1.4664352923E+01    4.5300000000E+00
    1.4821535680E+01    4.5600000000E+00
    1.5104890432E+01    4.5900000000E+00
    1.4930892607E+01    4.6200000000E+00
    1.4829803519E+01    4.6500000000E+00
    1.4945547544E+01    4.6800000000E+00
    1.5018656356E+01    4.7100000000E+00
    1.5184227516E+01    4.7400000000E+00
    1.5134651264E+01    4.7700000000E+00
    1.5068974381E+01    4.8000000000E+00
    1.5100295572E+01    4.8300000000E+00
    1.4960401795E+01    4.8600000000E+00
    1.4984889931E+01    4.8900000000E+00
    1.4874662315E+01    4.9200000000E+00
    1.4953733706E+01    4.9500000000E+00
    1.5038454110E+01    4.9800000000E+00
    1.4756554439E+01    5.0100000000E+00
    1.5068213239E+01    5.0400000000E+00
    1.5051897671E+01    5.0700000000E+00
    1.5052543606E+01    5.1000000000E+00
    1.5185482700E+01    5.1300000000E+00
    1.5248585586E+01    5.1600000000E+00
    1.5173202728E+01    5.1900000000E+00
    1.4977725749E+01    5.2200000000E+00
    1.4642602141E+01    5.2500000000E+00
    1.4745787909E+01    5.2800000000E+00
    1.5027832263E+01    5.3100000000E+00
    1.5067879872E+01    5.3400000000E+00
    1.5441238038E+01    5.3700000000E+00
    1.4878130599E+01    5.4000000000E+00
    1.4798571641E+01    5.4300000000E+00
    1.5089167422E+01    5.4600000000E+00
    1.4759918620E+01    5.4900000000E+00
    1.5500000000E+01    5.5200000000E+00
    1.4813672767E+01    5.5500000000E+00
    1.4875943669E+01    5.5800000000E+00
    1.4732902509E+01    5.6100000000E+00
    1.4598644456E+01    5.6400000000E+00
    1.4738672243E+01    5.6700000000E+00
    1.4827820496E+01    5.7000000000E+00
    1.4923518774E+01    5.7300000000E+00
    1.4694070081E+01    5.7600000000E+00
    1.4844201968E+01    5.7900000000E+00
    1.4746840978E+01    5.8200000000E+00
    1.4711125228E+01    5.8500000000E+00
    1.4785752715E+01    5.8800000000E+00
    1.4651814346E+01    5.9100000000E+00
    1.4652510124E+01    5.9400000000E+00
    1.4662115025E+01    5.9700000000E+00
    1.4506700628E+01    6.0000000000E+00
    1.4513576769E+01    6.0300000000E+00
    1.4506117687E+01    6.0600000000E+00
    1.4522173328E+01    6.0900000000E+00
    1.4500049858E+01    6.1200000000E+00
