     #     T [K]    \rho(delta_nk) [meV]
    9.5000059158E+00    3.0900000000E+00
    9.5001497077E+00    3.1200000000E+00
    9.5000141077E+00    3.1800000000E+00
    9.5000414993E+00    3.2100000000E+00
    9.5385059446E+00    3.2400000000E+00
    9.5131511910E+00    3.2700000000E+00
    9.5004457991E+00    3.3000000000E+00
    9.5806794693E+00    3.3300000000E+00
    9.6567593571E+00    3.3600000000E+00
    9.5800722677E+00    3.3900000000E+00
    9.5528979941E+00    3.4200000000E+00
    9.6563289422E+00    3.4500000000E+00
    9.7503873731E+00    3.4800000000E+00
    9.7138556967E+00    3.5100000000E+00
    9.7704806063E+00    3.5400000000E+00
    9.8170094116E+00    3.5700000000E+00
    9.9098942757E+00    3.6000000000E+00
    9.6355604966E+00    3.6300000000E+00
    9.8417896282E+00    3.6600000000E+00
    9.8588483298E+00    3.6900000000E+00
    9.6163129733E+00    3.7200000000E+00
    9.7311530894E+00    3.7500000000E+00
    9.7522758674E+00    3.7800000000E+00
    9.8803122467E+00    3.8100000000E+00
    9.8276686483E+00    3.8400000000E+00
    1.0000557014E+01    3.8700000000E+00
    9.8287938120E+00    3.9000000000E+00
    9.7880160511E+00    3.9300000000E+00
    1.0154968572E+01    3.9600000000E+00
    9.7897366727E+00    3.9900000000E+00
    1.0024293927E+01    4.0200000000E+00
    1.0002607506E+01    4.0500000000E+00
    1.0180437140E+01    4.0800000000E+00
    1.0040132412E+01    4.1100000000E+00
    1.0025320172E+01    4.1400000000E+00
    9.8924822131E+00    4.1700000000E+00
    1.0195406068E+01    4.2000000000E+00
    9.8980265976E+00    4.2300000000E+00
    9.9720478560E+00    4.2600000000E+00
    1.0020313703E+01    4.2900000000E+00
    1.0042558425E+01    4.3200000000E+00
    1.0220426282E+01    4.3500000000E+00
    9.9966967173E+00    4.3800000000E+00
    1.0226093940E+01    4.4100000000E+00
    1.0386161611E+01    4.4400000000E+00
    9.9045461547E+00    4.4700000000E+00
    9.9701678580E+00    4.5000000000E+00
    9.9601257626E+00    4.5300000000E+00
    9.8347847012E+00    4.5600000000E+00
    9.8578226963E+00    4.5900000000E+00
    9.6033701957E+00    4.6200000000E+00
    9.8079621527E+00    4.6500000000E+00
    9.6972481647E+00    4.6800000000E+00
    9.8068264737E+00    4.7100000000E+00
    9.7589341579E+00    4.7400000000E+00
    9.8863175756E+00    4.7700000000E+00
    1.0223718297E+01    4.8000000000E+00
    1.0134925823E+01    4.8300000000E+00
    1.0171582346E+01    4.8600000000E+00
    9.8583301854E+00    4.8900000000E+00
    1.0074762933E+01    4.9200000000E+00
    1.0175975008E+01    4.9500000000E+00
    1.0447761695E+01    4.9800000000E+00
    1.0049890606E+01    5.0100000000E+00
    9.8834762676E+00    5.0400000000E+00
    9.6091472451E+00    5.0700000000E+00
    1.0191077287E+01    5.1000000000E+00
    9.8267498390E+00    5.1300000000E+00
    1.0143439045E+01    5.1600000000E+00
    1.0454679916E+01    5.1900000000E+00
    9.9365258901E+00    5.2200000000E+00
    1.0242650900E+01    5.2500000000E+00
    1.0328746400E+01    5.2800000000E+00
    1.0293187813E+01    5.3100000000E+00
    1.0174027124E+01    5.3400000000E+00
    9.9381868485E+00    5.3700000000E+00
    9.8122147193E+00    5.4000000000E+00
    9.9661235300E+00    5.4300000000E+00
    1.0222029159E+01    5.4600000000E+00
    1.0024344388E+01    5.4900000000E+00
    1.0404250361E+01    5.5200000000E+00
    1.0100176268E+01    5.5500000000E+00
    9.9006084288E+00    5.5800000000E+00
    1.0064224144E+01    5.6100000000E+00
    9.8080436800E+00    5.6400000000E+00
    1.0500000000E+01    5.6700000000E+00
    1.0005339699E+01    5.7000000000E+00
    1.0039740230E+01    5.7300000000E+00
    9.7541405707E+00    5.7600000000E+00
    9.6216800426E+00    5.7900000000E+00
    9.7103144713E+00    5.8200000000E+00
    9.8539920252E+00    5.8500000000E+00
    9.8816840691E+00    5.8800000000E+00
    9.8972671254E+00    5.9100000000E+00
    9.8154602376E+00    5.9400000000E+00
    9.6202829943E+00    5.9700000000E+00
    9.8998716754E+00    6.0000000000E+00
    9.7940402847E+00    6.0300000000E+00
    9.6945575880E+00    6.0600000000E+00
    9.6325238867E+00    6.0900000000E+00
    9.7759211942E+00    6.1200000000E+00
    9.5320926970E+00    6.1500000000E+00
    9.5092611534E+00    6.1800000000E+00
    9.5188881456E+00    6.2100000000E+00
    9.5001083736E+00    6.2400000000E+00
    9.5251321862E+00    6.2700000000E+00
    9.5000133854E+00    6.3000000000E+00
