     #     T [K]    \rho(delta_nk) [meV]
    2.5000065755E+00    3.1200000000E+00
    2.5001255758E+00    3.1500000000E+00
    2.5000119786E+00    3.2100000000E+00
    2.5107855077E+00    3.2400000000E+00
    2.5219479433E+00    3.2700000000E+00
    2.5111866224E+00    3.3000000000E+00
    2.5004073594E+00    3.3300000000E+00
    2.5684658586E+00    3.3600000000E+00
    2.6484523313E+00    3.3900000000E+00
    2.5526690763E+00    3.4200000000E+00
    2.6241792417E+00    3.4500000000E+00
    2.5852114396E+00    3.4800000000E+00
    2.7199838836E+00    3.5100000000E+00
    2.6433926084E+00    3.5400000000E+00
    2.8089332209E+00    3.5700000000E+00
    2.7350201385E+00    3.6000000000E+00
    2.8021117092E+00    3.6300000000E+00
    2.6151375646E+00    3.6600000000E+00
    2.8160668738E+00    3.6900000000E+00
    2.7941472233E+00    3.7200000000E+00
    2.6257851188E+00    3.7500000000E+00
    2.6779674954E+00    3.7800000000E+00
    2.7968653617E+00    3.8100000000E+00
    2.7520952997E+00    3.8400000000E+00
    2.8193291974E+00    3.8700000000E+00
    2.9405542102E+00    3.9000000000E+00
    2.8733728215E+00    3.9300000000E+00
    2.5973799311E+00    3.9600000000E+00
    3.0291230479E+00    3.9900000000E+00
    2.8240227535E+00    4.0200000000E+00
    2.9387407642E+00    4.0500000000E+00
    2.9828859508E+00    4.0800000000E+00
    3.0811189772E+00    4.1100000000E+00
    3.0458020079E+00    4.1400000000E+00
    2.7284816674E+00    4.1700000000E+00
    2.8983335018E+00    4.2000000000E+00
    3.1503954827E+00    4.2300000000E+00
    2.7569122508E+00    4.2600000000E+00
    2.8878726404E+00    4.2900000000E+00
    3.0318441272E+00    4.3200000000E+00
    2.8888894020E+00    4.3500000000E+00
    3.1921868897E+00    4.3800000000E+00
    2.9976203084E+00    4.4100000000E+00
    3.0726363733E+00    4.4400000000E+00
    3.1244948307E+00    4.4700000000E+00
    2.8851636653E+00    4.5000000000E+00
    2.8303951651E+00    4.5300000000E+00
    2.8719275866E+00    4.5600000000E+00
    2.7887367654E+00    4.5900000000E+00
    2.8030690835E+00    4.6200000000E+00
    2.5790255675E+00    4.6500000000E+00
    2.8941960932E+00    4.6800000000E+00
    2.5602892280E+00    4.7100000000E+00
    2.7538699647E+00    4.7400000000E+00
    2.7295277176E+00    4.7700000000E+00
    2.8538738405E+00    4.8000000000E+00
    3.1139474498E+00    4.8300000000E+00
    3.1422019816E+00    4.8600000000E+00
    2.9013853317E+00    4.8900000000E+00
    2.7866208915E+00    4.9200000000E+00
    3.0844570196E+00    4.9500000000E+00
    3.0415886496E+00    4.9800000000E+00
    3.4103557177E+00    5.0100000000E+00
    2.8567330157E+00    5.0400000000E+00
    2.8247245482E+00    5.0700000000E+00
    2.6215291338E+00    5.1000000000E+00
    2.9750836243E+00    5.1300000000E+00
    2.8828646260E+00    5.1600000000E+00
    3.0410102410E+00    5.1900000000E+00
    3.3458861608E+00    5.2200000000E+00
    2.8136633709E+00    5.2500000000E+00
    3.1686788408E+00    5.2800000000E+00
    3.1479115041E+00    5.3100000000E+00
    3.2202064119E+00    5.3400000000E+00
    3.1493137449E+00    5.3700000000E+00
    2.8247542689E+00    5.4000000000E+00
    2.7735677497E+00    5.4300000000E+00
    2.8732962991E+00    5.4600000000E+00
    3.1113461681E+00    5.4900000000E+00
    2.9275473322E+00    5.5200000000E+00
    3.4104390181E+00    5.5500000000E+00
    2.8297112328E+00    5.5800000000E+00
    2.7920728564E+00    5.6100000000E+00
    3.0759934876E+00    5.6400000000E+00
    2.7126014903E+00    5.6700000000E+00
    3.5000000000E+00    5.7000000000E+00
    3.0054224101E+00    5.7300000000E+00
    2.7252273683E+00    5.7600000000E+00
    2.7654999193E+00    5.7900000000E+00
    2.5536362966E+00    5.8200000000E+00
    2.6890325264E+00    5.8500000000E+00
    2.7974874597E+00    5.8800000000E+00
    2.8435737083E+00    5.9100000000E+00
    2.8105641210E+00    5.9400000000E+00
    2.7678802346E+00    5.9700000000E+00
    2.7323840924E+00    6.0000000000E+00
    2.7093170742E+00    6.0300000000E+00
    2.7693849586E+00    6.0600000000E+00
    2.6808426703E+00    6.0900000000E+00
    2.5887035255E+00    6.1200000000E+00
    2.7245368252E+00    6.1500000000E+00
    2.5255286875E+00    6.1800000000E+00
    2.5079537129E+00    6.2100000000E+00
    2.5159499044E+00    6.2400000000E+00
    2.5001151877E+00    6.2700000000E+00
    2.5213184077E+00    6.3000000000E+00
    2.5000113665E+00    6.3300000000E+00
