     #     T [K]    \rho(delta_nk) [meV]
    2.1500005041E+01    2.3400000000E+00
    2.1500006068E+01    2.3700000000E+00
    2.1500011966E+01    2.4000000000E+00
    2.1500153293E+01    2.4300000000E+00
    2.1510820172E+01    2.4600000000E+00
    2.1522100864E+01    2.4900000000E+00
    2.1545426049E+01    2.5200000000E+00
    2.1649599634E+01    2.5500000000E+00
    2.1501925986E+01    2.5800000000E+00
    2.1628024173E+01    2.6100000000E+00
    2.1612078070E+01    2.6400000000E+00
    2.1765937870E+01    2.6700000000E+00
    2.1580634335E+01    2.7000000000E+00
    2.1835727429E+01    2.7300000000E+00
    2.1652585868E+01    2.7600000000E+00
    2.1749074493E+01    2.7900000000E+00
    2.1838222960E+01    2.8200000000E+00
    2.1628854807E+01    2.8500000000E+00
    2.1821616764E+01    2.8800000000E+00
    2.1736338938E+01    2.9100000000E+00
    2.1724629867E+01    2.9400000000E+00
    2.1695403499E+01    2.9700000000E+00
    2.1685915330E+01    3.0000000000E+00
    2.1694218668E+01    3.0300000000E+00
    2.1699020375E+01    3.0600000000E+00
    2.1871623372E+01    3.0900000000E+00
    2.1716721698E+01    3.1200000000E+00
    2.1848845385E+01    3.1500000000E+00
    2.1828689503E+01    3.1800000000E+00
    2.1885337716E+01    3.2100000000E+00
    2.1861823518E+01    3.2400000000E+00
    2.2064476128E+01    3.2700000000E+00
    2.2066341311E+01    3.3000000000E+00
    2.1738900000E+01    3.3300000000E+00
    2.1958099317E+01    3.3600000000E+00
    2.2112058243E+01    3.3900000000E+00
    2.1968404732E+01    3.4200000000E+00
    2.2161252523E+01    3.4500000000E+00
    2.2065192368E+01    3.4800000000E+00
    2.1950274070E+01    3.5100000000E+00
    2.1966437282E+01    3.5400000000E+00
    2.1850097605E+01    3.5700000000E+00
    2.2124455135E+01    3.6000000000E+00
    2.2172482205E+01    3.6300000000E+00
    2.2322598671E+01    3.6600000000E+00
    2.1852914351E+01    3.6900000000E+00
    2.2100646347E+01    3.7200000000E+00
    2.1975254225E+01    3.7500000000E+00
    2.2500000000E+01    3.7800000000E+00
    2.2031742715E+01    3.8100000000E+00
    2.1736886499E+01    3.8400000000E+00
    2.2002396587E+01    3.8700000000E+00
    2.2083544096E+01    3.9000000000E+00
    2.2099836038E+01    3.9300000000E+00
    2.2000019716E+01    3.9600000000E+00
    2.1786060569E+01    3.9900000000E+00
    2.1866613096E+01    4.0200000000E+00
    2.1959582979E+01    4.0500000000E+00
    2.1821674242E+01    4.0800000000E+00
    2.2046748957E+01    4.1100000000E+00
    2.1987877323E+01    4.1400000000E+00
    2.1891326931E+01    4.1700000000E+00
    2.1909319994E+01    4.2000000000E+00
    2.2089188280E+01    4.2300000000E+00
    2.2116144055E+01    4.2600000000E+00
    2.1924596779E+01    4.2900000000E+00
    2.1611406777E+01    4.3200000000E+00
    2.1700167593E+01    4.3500000000E+00
    2.1858524510E+01    4.3800000000E+00
    2.1892228163E+01    4.4100000000E+00
    2.1863911535E+01    4.4400000000E+00
    2.2026017064E+01    4.4700000000E+00
    2.2190180732E+01    4.5000000000E+00
    2.1866751569E+01    4.5300000000E+00
    2.1820845424E+01    4.5600000000E+00
    2.1712910430E+01    4.5900000000E+00
    2.1740681759E+01    4.6200000000E+00
    2.2286945603E+01    4.6500000000E+00
    2.2354835870E+01    4.6800000000E+00
    2.1880932789E+01    4.7100000000E+00
    2.2042363609E+01    4.7400000000E+00
    2.2195097211E+01    4.7700000000E+00
    2.1922427450E+01    4.8000000000E+00
    2.2193835502E+01    4.8300000000E+00
    2.1829922664E+01    4.8600000000E+00
    2.1689262465E+01    4.8900000000E+00
    2.1835538873E+01    4.9200000000E+00
    2.1703058461E+01    4.9500000000E+00
    2.1892114245E+01    4.9800000000E+00
    2.1959181461E+01    5.0100000000E+00
    2.1633108212E+01    5.0400000000E+00
    2.1916214161E+01    5.0700000000E+00
    2.1585252842E+01    5.1000000000E+00
    2.1945650217E+01    5.1300000000E+00
    2.1563879226E+01    5.1600000000E+00
    2.1743345144E+01    5.1900000000E+00
    2.1538035720E+01    5.2200000000E+00
    2.1518407551E+01    5.2500000000E+00
    2.1506069090E+01    5.2800000000E+00
    2.1513696588E+01    5.3100000000E+00
    2.1507889991E+01    5.3400000000E+00
    2.1500011405E+01    5.3700000000E+00
