     #     T [K]    \rho(delta_nk) [meV]
    2.8500003020E+01    1.4100000000E+00
    2.8500003636E+01    1.4400000000E+00
    2.8500027124E+01    1.4700000000E+00
    2.8510172886E+01    1.5000000000E+00
    2.8592374671E+01    1.5300000000E+00
    2.8534520689E+01    1.5600000000E+00
    2.8612049696E+01    1.5900000000E+00
    2.8619075972E+01    1.6200000000E+00
    2.8757301364E+01    1.6500000000E+00
    2.8699210377E+01    1.6800000000E+00
    2.8764824147E+01    1.7100000000E+00
    2.8737004414E+01    1.7400000000E+00
    2.8744028109E+01    1.7700000000E+00
    2.8608737626E+01    1.8000000000E+00
    2.8712568203E+01    1.8300000000E+00
    2.8695844056E+01    1.8600000000E+00
    2.8883256621E+01    1.8900000000E+00
    2.8785651656E+01    1.9200000000E+00
    2.8875765786E+01    1.9500000000E+00
    2.8972075817E+01    1.9800000000E+00
    2.9109151921E+01    2.0100000000E+00
    2.8912734865E+01    2.0400000000E+00
    2.8951385029E+01    2.0700000000E+00
    2.8957399636E+01    2.1000000000E+00
    2.9051955606E+01    2.1300000000E+00
    2.9126693588E+01    2.1600000000E+00
    2.8894635821E+01    2.1900000000E+00
    2.9067781414E+01    2.2200000000E+00
    2.9500000000E+01    2.2500000000E+00
    2.8953943521E+01    2.2800000000E+00
    2.8791227243E+01    2.3100000000E+00
    2.9025868645E+01    2.3400000000E+00
    2.8979411884E+01    2.3700000000E+00
    2.9212548459E+01    2.4000000000E+00
    2.8769089971E+01    2.4300000000E+00
    2.9125399020E+01    2.4600000000E+00
    2.9011518834E+01    2.4900000000E+00
    2.8806958016E+01    2.5200000000E+00
    2.9069070414E+01    2.5500000000E+00
    2.9026227217E+01    2.5800000000E+00
    2.8996192626E+01    2.6100000000E+00
    2.8741965886E+01    2.6400000000E+00
    2.9152494218E+01    2.6700000000E+00
    2.8943934580E+01    2.7000000000E+00
    2.8751795630E+01    2.7300000000E+00
    2.9109731859E+01    2.7600000000E+00
    2.9152158115E+01    2.7900000000E+00
    2.9272222150E+01    2.8200000000E+00
    2.8930835939E+01    2.8500000000E+00
    2.8946652084E+01    2.8800000000E+00
    2.8850745895E+01    2.9100000000E+00
    2.8819933220E+01    2.9400000000E+00
    2.8899329189E+01    2.9700000000E+00
    2.8673036909E+01    3.0000000000E+00
    2.8741880788E+01    3.0300000000E+00
    2.8785281108E+01    3.0600000000E+00
    2.8662692187E+01    3.0900000000E+00
    2.8536038129E+01    3.1200000000E+00
    2.8505627996E+01    3.1500000000E+00
    2.8512910109E+01    3.1800000000E+00
    2.8500006834E+01    3.2100000000E+00
