     #     T [K]    \rho(delta_nk) [meV]
    2.0000004862E+01    2.5200000000E+00
    2.0000005853E+01    2.5500000000E+00
    2.0000127285E+01    2.5800000000E+00
    2.0000033622E+01    2.6100000000E+00
    2.0031641749E+01    2.6400000000E+00
    2.0010823959E+01    2.6700000000E+00
    2.0000371719E+01    2.7000000000E+00
    2.0147889829E+01    2.7300000000E+00
    2.0066302926E+01    2.7600000000E+00
    2.0113242377E+01    2.7900000000E+00
    2.0092028279E+01    2.8200000000E+00
    2.0131483266E+01    2.8500000000E+00
    2.0154511337E+01    2.8800000000E+00
    2.0342765496E+01    2.9100000000E+00
    2.0151770404E+01    2.9400000000E+00
    2.0242011079E+01    2.9700000000E+00
    2.0302457166E+01    3.0000000000E+00
    2.0283256722E+01    3.0300000000E+00
    2.0155768853E+01    3.0600000000E+00
    2.0250676269E+01    3.0900000000E+00
    2.0162323614E+01    3.1200000000E+00
    2.0203015462E+01    3.1500000000E+00
    2.0212733559E+01    3.1800000000E+00
    2.0085144137E+01    3.2100000000E+00
    2.0221246229E+01    3.2400000000E+00
    2.0247297229E+01    3.2700000000E+00
    2.0150322598E+01    3.3000000000E+00
    2.0454232042E+01    3.3300000000E+00
    2.0401610257E+01    3.3600000000E+00
    2.0447031569E+01    3.3900000000E+00
    2.0383393801E+01    3.4200000000E+00
    2.0526028140E+01    3.4500000000E+00
    2.0235884817E+01    3.4800000000E+00
    2.0577369869E+01    3.5100000000E+00
    2.0519219655E+01    3.5400000000E+00
    2.0211969318E+01    3.5700000000E+00
    2.0505737664E+01    3.6000000000E+00
    2.0719403931E+01    3.6300000000E+00
    2.0600959106E+01    3.6600000000E+00
    2.0426436083E+01    3.6900000000E+00
    2.0337675792E+01    3.7200000000E+00
    2.0367845330E+01    3.7500000000E+00
    2.0466960141E+01    3.7800000000E+00
    2.0578349906E+01    3.8100000000E+00
    2.0572664121E+01    3.8400000000E+00
    2.0278930591E+01    3.8700000000E+00
    2.0655333348E+01    3.9000000000E+00
    2.1000000000E+01    3.9300000000E+00
    2.0478069752E+01    3.9600000000E+00
    2.0485006578E+01    3.9900000000E+00
    2.0240231609E+01    4.0200000000E+00
    2.0402734060E+01    4.0500000000E+00
    2.0452259235E+01    4.0800000000E+00
    2.0256954997E+01    4.1100000000E+00
    2.0398163252E+01    4.1400000000E+00
    2.0618520985E+01    4.1700000000E+00
    2.0712123380E+01    4.2000000000E+00
    2.0344397320E+01    4.2300000000E+00
    2.0338123899E+01    4.2600000000E+00
    2.0469826150E+01    4.2900000000E+00
    2.0556316898E+01    4.3200000000E+00
    2.0531900392E+01    4.3500000000E+00
    2.0121454991E+01    4.3800000000E+00
    2.0682591640E+01    4.4100000000E+00
    2.0609995982E+01    4.4400000000E+00
    2.0348332512E+01    4.4700000000E+00
    2.0276458099E+01    4.5000000000E+00
    2.0204432655E+01    4.5300000000E+00
    2.0388864292E+01    4.5600000000E+00
    2.0341072651E+01    4.5900000000E+00
    2.0375913115E+01    4.6200000000E+00
    2.0442512066E+01    4.6500000000E+00
    2.0505004933E+01    4.6800000000E+00
    2.0582931142E+01    4.7100000000E+00
    2.0327460450E+01    4.7400000000E+00
    2.0374877142E+01    4.7700000000E+00
    2.0097470160E+01    4.8000000000E+00
    2.0326540541E+01    4.8300000000E+00
    2.0833354700E+01    4.8600000000E+00
    2.0715578323E+01    4.8900000000E+00
    2.0346525740E+01    4.9200000000E+00
    2.0477564767E+01    4.9500000000E+00
    2.0393282392E+01    4.9800000000E+00
    2.0661305338E+01    5.0100000000E+00
    2.0518740982E+01    5.0400000000E+00
    2.0390642888E+01    5.0700000000E+00
    2.0284032270E+01    5.1000000000E+00
    2.0201483418E+01    5.1300000000E+00
    2.0296416413E+01    5.1600000000E+00
    2.0312799628E+01    5.1900000000E+00
    2.0415606932E+01    5.2200000000E+00
    2.0184019678E+01    5.2500000000E+00
    2.0290269608E+01    5.2800000000E+00
    2.0197946475E+01    5.3100000000E+00
    2.0207301154E+01    5.3400000000E+00
    2.0305606690E+01    5.3700000000E+00
    2.0061695560E+01    5.4000000000E+00
    2.0233321099E+01    5.4300000000E+00
    2.0013804657E+01    5.4600000000E+00
    2.0013398465E+01    5.4900000000E+00
    2.0005702952E+01    5.5200000000E+00
    2.0020670134E+01    5.5500000000E+00
    2.0000046478E+01    5.5800000000E+00
