     #     T [K]    \rho(delta_nk) [meV]
    3.0000071650E+00    3.1200000000E+00
    3.0001368343E+00    3.1500000000E+00
    3.0000130526E+00    3.2100000000E+00
    3.0000382887E+00    3.2400000000E+00
    3.0356298667E+00    3.2700000000E+00
    3.0121871243E+00    3.3000000000E+00
    3.0004140002E+00    3.3300000000E+00
    3.0746352334E+00    3.3600000000E+00
    3.1450485125E+00    3.3900000000E+00
    3.0741056851E+00    3.4200000000E+00
    3.1203757219E+00    3.4500000000E+00
    3.0776764451E+00    3.4800000000E+00
    3.2400686772E+00    3.5100000000E+00
    3.1859980733E+00    3.5400000000E+00
    3.3282300203E+00    3.5700000000E+00
    3.2550468614E+00    3.6000000000E+00
    3.3386424300E+00    3.6300000000E+00
    3.1254241439E+00    3.6600000000E+00
    3.3328691360E+00    3.6900000000E+00
    3.3276892336E+00    3.7200000000E+00
    3.0962274856E+00    3.7500000000E+00
    3.2373383725E+00    3.7800000000E+00
    3.2691154011E+00    3.8100000000E+00
    3.3308830978E+00    3.8400000000E+00
    3.3452394630E+00    3.8700000000E+00
    3.4645046872E+00    3.9000000000E+00
    3.3784554196E+00    3.9300000000E+00
    3.1295939092E+00    3.9600000000E+00
    3.5976275882E+00    3.9900000000E+00
    3.3549970569E+00    4.0200000000E+00
    3.4255650990E+00    4.0500000000E+00
    3.4266258184E+00    4.0800000000E+00
    3.7854679698E+00    4.1100000000E+00
    3.5594744908E+00    4.1400000000E+00
    3.2840124642E+00    4.1700000000E+00
    3.3687994451E+00    4.2000000000E+00
    3.7607981090E+00    4.2300000000E+00
    3.2898006687E+00    4.2600000000E+00
    3.4261655410E+00    4.2900000000E+00
    3.4440676990E+00    4.3200000000E+00
    3.5592132755E+00    4.3500000000E+00
    3.7539554244E+00    4.3800000000E+00
    3.4694027483E+00    4.4100000000E+00
    3.5799552580E+00    4.4400000000E+00
    3.7427344407E+00    4.4700000000E+00
    3.4630079457E+00    4.5000000000E+00
    3.3715980526E+00    4.5300000000E+00
    3.4052728772E+00    4.5600000000E+00
    3.2594003402E+00    4.5900000000E+00
    3.3854347282E+00    4.6200000000E+00
    3.0790934104E+00    4.6500000000E+00
    3.4306457232E+00    4.6800000000E+00
    3.0700712986E+00    4.7100000000E+00
    3.2739927036E+00    4.7400000000E+00
    3.2153444568E+00    4.7700000000E+00
    3.4236596147E+00    4.8000000000E+00
    3.5943759452E+00    4.8300000000E+00
    3.7716023832E+00    4.8600000000E+00
    3.4383802207E+00    4.8900000000E+00
    3.3150035058E+00    4.9200000000E+00
    3.6368564635E+00    4.9500000000E+00
    3.5901389412E+00    4.9800000000E+00
    3.9456844320E+00    5.0100000000E+00
    3.4350105551E+00    5.0400000000E+00
    3.3393876653E+00    5.0700000000E+00
    3.1349530325E+00    5.1000000000E+00
    3.5295991742E+00    5.1300000000E+00
    3.3697382640E+00    5.1600000000E+00
    3.5796475931E+00    5.1900000000E+00
    3.9790451807E+00    5.2200000000E+00
    3.3322181731E+00    5.2500000000E+00
    3.7381962540E+00    5.2800000000E+00
    3.6874316252E+00    5.3100000000E+00
    3.7347590015E+00    5.3400000000E+00
    3.7747448555E+00    5.3700000000E+00
    3.3014633818E+00    5.4000000000E+00
    3.2786439589E+00    5.4300000000E+00
    3.4017870740E+00    5.4600000000E+00
    3.6796701712E+00    5.4900000000E+00
    3.5249103645E+00    5.5200000000E+00
    3.9224112348E+00    5.5500000000E+00
    3.4333962807E+00    5.5800000000E+00
    3.3194472094E+00    5.6100000000E+00
    3.6264888254E+00    5.6400000000E+00
    3.2328078956E+00    5.6700000000E+00
    4.0000000000E+00    5.7000000000E+00
    3.5792911200E+00    5.7300000000E+00
    3.3063493470E+00    5.7600000000E+00
    3.2355391327E+00    5.7900000000E+00
    3.1123806347E+00    5.8200000000E+00
    3.2059803000E+00    5.8500000000E+00
    3.2943480033E+00    5.8800000000E+00
    3.4041877154E+00    5.9100000000E+00
    3.3384078498E+00    5.9400000000E+00
    3.2918971255E+00    5.9700000000E+00
    3.2532185649E+00    6.0000000000E+00
    3.2241092375E+00    6.0300000000E+00
    3.2975109840E+00    6.0600000000E+00
    3.1970561796E+00    6.0900000000E+00
    3.0966562693E+00    6.1200000000E+00
    3.2446677484E+00    6.1500000000E+00
    3.0278174704E+00    6.1800000000E+00
    3.0086668057E+00    6.2100000000E+00
    3.0173798984E+00    6.2400000000E+00
    3.0001255148E+00    6.2700000000E+00
    3.0232297166E+00    6.3000000000E+00
    3.0000123856E+00    6.3300000000E+00
