     #     T [K]    \rho(delta_nk) [meV]
    1.2000006854E+01    3.0300000000E+00
    1.2000172745E+01    3.0600000000E+00
    1.2000000714E+01    3.0900000000E+00
    1.2000016344E+01    3.1200000000E+00
    1.2000045275E+01    3.1500000000E+00
    1.2022929670E+01    3.1800000000E+00
    1.2036919148E+01    3.2100000000E+00
    1.2000146179E+01    3.2400000000E+00
    1.2084992023E+01    3.2700000000E+00
    1.2190454566E+01    3.3000000000E+00
    1.2082824181E+01    3.3300000000E+00
    1.2070709853E+01    3.3600000000E+00
    1.2178709606E+01    3.3900000000E+00
    1.2196403672E+01    3.4200000000E+00
    1.2287104525E+01    3.4500000000E+00
    1.2370580571E+01    3.4800000000E+00
    1.2320072694E+01    3.5100000000E+00
    1.2436650749E+01    3.5400000000E+00
    1.2242502419E+01    3.5700000000E+00
    1.2285542738E+01    3.6000000000E+00
    1.2501855851E+01    3.6300000000E+00
    1.2122244802E+01    3.6600000000E+00
    1.2287892850E+01    3.6900000000E+00
    1.2261362717E+01    3.7200000000E+00
    1.2341626942E+01    3.7500000000E+00
    1.2323171832E+01    3.7800000000E+00
    1.2586532631E+01    3.8100000000E+00
    1.2346753790E+01    3.8400000000E+00
    1.2495618396E+01    3.8700000000E+00
    1.2495350916E+01    3.9000000000E+00
    1.2492558267E+01    3.9300000000E+00
    1.2722552149E+01    3.9600000000E+00
    1.2599196479E+01    3.9900000000E+00
    1.2654898381E+01    4.0200000000E+00
    1.2635723430E+01    4.0500000000E+00
    1.2561201009E+01    4.0800000000E+00
    1.2550461866E+01    4.1100000000E+00
    1.2562830992E+01    4.1400000000E+00
    1.2723408993E+01    4.1700000000E+00
    1.2504282466E+01    4.2000000000E+00
    1.2527269512E+01    4.2300000000E+00
    1.2625162003E+01    4.2600000000E+00
    1.2845700073E+01    4.2900000000E+00
    1.2815942483E+01    4.3200000000E+00
    1.2662645221E+01    4.3500000000E+00
    1.2741093662E+01    4.3800000000E+00
    1.2730923792E+01    4.4100000000E+00
    1.2713658967E+01    4.4400000000E+00
    1.2397067100E+01    4.4700000000E+00
    1.2608465641E+01    4.5000000000E+00
    1.2177998877E+01    4.5300000000E+00
    1.2302069894E+01    4.5600000000E+00
    1.2239566141E+01    4.5900000000E+00
    1.2385242258E+01    4.6200000000E+00
    1.2202732314E+01    4.6500000000E+00
    1.2445185808E+01    4.6800000000E+00
    1.2584546267E+01    4.7100000000E+00
    1.2785101460E+01    4.7400000000E+00
    1.2520599980E+01    4.7700000000E+00
    1.2540850698E+01    4.8000000000E+00
    1.2952260935E+01    4.8300000000E+00
    1.2463649267E+01    4.8600000000E+00
    1.2939863433E+01    4.8900000000E+00
    1.2870157181E+01    4.9200000000E+00
    1.2586089661E+01    4.9500000000E+00
    1.2469669712E+01    4.9800000000E+00
    1.2589946883E+01    5.0100000000E+00
    1.2438117581E+01    5.0400000000E+00
    1.2685305305E+01    5.0700000000E+00
    1.2503611596E+01    5.1000000000E+00
    1.2852625526E+01    5.1300000000E+00
    1.2815858877E+01    5.1600000000E+00
    1.2483342007E+01    5.1900000000E+00
    1.2932671607E+01    5.2200000000E+00
    1.3000000000E+01    5.2500000000E+00
    1.2914565159E+01    5.2800000000E+00
    1.2614758304E+01    5.3100000000E+00
    1.2543452006E+01    5.3400000000E+00
    1.2288156873E+01    5.3700000000E+00
    1.2683839837E+01    5.4000000000E+00
    1.2739177108E+01    5.4300000000E+00
    1.2857896774E+01    5.4600000000E+00
    1.2824626983E+01    5.4900000000E+00
    1.2557905725E+01    5.5200000000E+00
    1.2373135459E+01    5.5500000000E+00
    1.2537440065E+01    5.5800000000E+00
    1.2941550379E+01    5.6100000000E+00
    1.2730857153E+01    5.6400000000E+00
    1.2601423643E+01    5.6700000000E+00
    1.2461236663E+01    5.7000000000E+00
    1.2156568323E+01    5.7300000000E+00
    1.2243766250E+01    5.7600000000E+00
    1.2379633414E+01    5.7900000000E+00
    1.2400532566E+01    5.8200000000E+00
    1.2530567132E+01    5.8500000000E+00
    1.2279596696E+01    5.8800000000E+00
    1.2203516294E+01    5.9100000000E+00
    1.2481799201E+01    5.9400000000E+00
    1.2302841476E+01    5.9700000000E+00
    1.2316378563E+01    6.0000000000E+00
    1.2105196639E+01    6.0300000000E+00
    1.2319804739E+01    6.0600000000E+00
    1.2036403055E+01    6.0900000000E+00
    1.2011628320E+01    6.1200000000E+00
    1.2021651692E+01    6.1500000000E+00
    1.2000234266E+01    6.1800000000E+00
    1.2029116233E+01    6.2100000000E+00
    1.2000015507E+01    6.2400000000E+00
