     #     T [K]    \rho(delta_nk) [meV]
    2.9000020482E+01    4.5000000000E-01
    2.9140798459E+01    4.8000000000E-01
    2.9407843641E+01    5.1000000000E-01
    2.9335880450E+01    5.4000000000E-01
    2.9512955382E+01    5.7000000000E-01
    2.9652969973E+01    6.0000000000E-01
    2.9454108086E+01    6.3000000000E-01
    2.9539446046E+01    6.6000000000E-01
    3.0000000000E+01    6.9000000000E-01
    2.9635687500E+01    7.2000000000E-01
    2.9672542238E+01    7.5000000000E-01
    2.9638145639E+01    7.8000000000E-01
    2.9596025991E+01    8.1000000000E-01
    2.9864098574E+01    8.4000000000E-01
    2.9411993517E+01    8.7000000000E-01
    2.9430905401E+01    9.0000000000E-01
    2.9320623175E+01    9.3000000000E-01
    2.9456227177E+01    9.6000000000E-01
    2.9450324392E+01    9.9000000000E-01
    2.9427916632E+01    1.0200000000E+00
    2.9332065801E+01    1.0500000000E+00
    2.9404995427E+01    1.0800000000E+00
    2.9475212487E+01    1.1100000000E+00
    2.9565524097E+01    1.1400000000E+00
    2.9526614211E+01    1.1700000000E+00
    2.9255994751E+01    1.2000000000E+00
    2.9299710705E+01    1.2300000000E+00
    2.9378472970E+01    1.2600000000E+00
    2.9079113866E+01    1.2900000000E+00
    2.9039014324E+01    1.3200000000E+00
    2.9000001303E+01    1.5900000000E+00
    2.9000014164E+01    1.6200000000E+00
    2.9000004556E+01    1.6500000000E+00
    2.9000036244E+01    1.6800000000E+00
    2.9000101470E+01    1.7100000000E+00
    2.9185945857E+01    1.7400000000E+00
    2.9096865988E+01    1.7700000000E+00
    2.9274238316E+01    1.8000000000E+00
    2.9234288207E+01    1.8300000000E+00
    2.9191480636E+01    1.8600000000E+00
    2.9198755360E+01    1.8900000000E+00
    2.9414720929E+01    1.9200000000E+00
    2.9309118613E+01    1.9500000000E+00
    2.9531810288E+01    1.9800000000E+00
    2.9360031244E+01    2.0100000000E+00
    2.9371219887E+01    2.0400000000E+00
    2.9616788270E+01    2.0700000000E+00
    2.9360755445E+01    2.1000000000E+00
    2.9498607211E+01    2.1300000000E+00
    2.9265050352E+01    2.1600000000E+00
    2.9313984135E+01    2.1900000000E+00
    2.9147637216E+01    2.2200000000E+00
    2.9433394953E+01    2.2500000000E+00
    2.9124001582E+01    2.2800000000E+00
    2.9152512837E+01    2.3100000000E+00
    2.9337869540E+01    2.3400000000E+00
    2.9374878927E+01    2.3700000000E+00
    2.9447899061E+01    2.4000000000E+00
    2.9603475774E+01    2.4300000000E+00
    2.9517819306E+01    2.4600000000E+00
    2.9647554172E+01    2.4900000000E+00
    2.9757902096E+01    2.5200000000E+00
    2.9568387950E+01    2.5500000000E+00
    2.9921639621E+01    2.5800000000E+00
    2.9905045437E+01    2.6100000000E+00
    2.9686647440E+01    2.6400000000E+00
    2.9566812471E+01    2.6700000000E+00
    2.9956301182E+01    2.7000000000E+00
    2.9603047042E+01    2.7300000000E+00
    2.9424923051E+01    2.7600000000E+00
    2.9538691430E+01    2.7900000000E+00
    2.9381102945E+01    2.8200000000E+00
    2.9251698722E+01    2.8500000000E+00
    2.9308105323E+01    2.8800000000E+00
    2.9303130970E+01    2.9100000000E+00
    2.9140779010E+01    2.9400000000E+00
    2.9241400685E+01    2.9700000000E+00
    2.9105159950E+01    3.0000000000E+00
    2.9015049190E+01    3.0300000000E+00
    2.9019057049E+01    3.0600000000E+00
    2.9000033920E+01    3.0900000000E+00
