     #     T [K]    \rho(delta_nk) [meV]
    1.8000005334E+01    2.7000000000E+00
    1.8000006289E+01    2.7300000000E+00
    1.8000131971E+01    2.7600000000E+00
    1.8000014890E+01    2.7900000000E+00
    1.8000036476E+01    2.8200000000E+00
    1.8018476819E+01    2.8500000000E+00
    1.8029769982E+01    2.8800000000E+00
    1.8000117426E+01    2.9100000000E+00
    1.8168295982E+01    2.9400000000E+00
    1.8041190185E+01    2.9700000000E+00
    1.8102692259E+01    3.0000000000E+00
    1.8119421487E+01    3.0300000000E+00
    1.8181680138E+01    3.0600000000E+00
    1.8126536214E+01    3.0900000000E+00
    1.8365562194E+01    3.1200000000E+00
    1.8209744233E+01    3.1500000000E+00
    1.8221312172E+01    3.1800000000E+00
    1.8438522723E+01    3.2100000000E+00
    1.8133407218E+01    3.2400000000E+00
    1.8236289892E+01    3.2700000000E+00
    1.8237728969E+01    3.3000000000E+00
    1.8274135154E+01    3.3300000000E+00
    1.8241222638E+01    3.3600000000E+00
    1.8184413830E+01    3.3900000000E+00
    1.8229796933E+01    3.4200000000E+00
    1.8194727520E+01    3.4500000000E+00
    1.8142808096E+01    3.4800000000E+00
    1.8361253044E+01    3.5100000000E+00
    1.8288919224E+01    3.5400000000E+00
    1.8692613799E+01    3.5700000000E+00
    1.8579566378E+01    3.6000000000E+00
    1.8412751962E+01    3.6300000000E+00
    1.8382767899E+01    3.6600000000E+00
    1.8523919206E+01    3.6900000000E+00
    1.8492426775E+01    3.7200000000E+00
    1.8370004526E+01    3.7500000000E+00
    1.8774961119E+01    3.7800000000E+00
    1.8523247591E+01    3.8100000000E+00
    1.8270111335E+01    3.8400000000E+00
    1.8570500392E+01    3.8700000000E+00
    1.8739200662E+01    3.9000000000E+00
    1.8518283054E+01    3.9300000000E+00
    1.8624172273E+01    3.9600000000E+00
    1.8399329773E+01    3.9900000000E+00
    1.8411007477E+01    4.0200000000E+00
    1.8590760548E+01    4.0500000000E+00
    1.8687345756E+01    4.0800000000E+00
    1.8833813604E+01    4.1100000000E+00
    1.8487187879E+01    4.1400000000E+00
    1.8243230806E+01    4.1700000000E+00
    1.8400214071E+01    4.2000000000E+00
    1.8668623985E+01    4.2300000000E+00
    1.8441488076E+01    4.2600000000E+00
    1.8116272163E+01    4.2900000000E+00
    1.8356519497E+01    4.3200000000E+00
    1.8411432516E+01    4.3500000000E+00
    1.8565008998E+01    4.3800000000E+00
    1.8290303312E+01    4.4100000000E+00
    1.8662370256E+01    4.4400000000E+00
    1.8506877381E+01    4.4700000000E+00
    1.9000000000E+01    4.5000000000E+00
    1.8746603771E+01    4.5300000000E+00
    1.8222226572E+01    4.5600000000E+00
    1.8553422505E+01    4.5900000000E+00
    1.8656405183E+01    4.6200000000E+00
    1.8748619674E+01    4.6500000000E+00
    1.8246079995E+01    4.6800000000E+00
    1.8148944484E+01    4.7100000000E+00
    1.8476924328E+01    4.7400000000E+00
    1.8496793438E+01    4.7700000000E+00
    1.8472465279E+01    4.8000000000E+00
    1.8707407623E+01    4.8300000000E+00
    1.8614044558E+01    4.8600000000E+00
    1.8605734111E+01    4.8900000000E+00
    1.8673534069E+01    4.9200000000E+00
    1.8498304839E+01    4.9500000000E+00
    1.8344663620E+01    4.9800000000E+00
    1.8115982589E+01    5.0100000000E+00
    1.8276652813E+01    5.0400000000E+00
    1.8751789848E+01    5.0700000000E+00
    1.8697317067E+01    5.1000000000E+00
    1.8678251822E+01    5.1300000000E+00
    1.8342660251E+01    5.1600000000E+00
    1.8636191283E+01    5.1900000000E+00
    1.8344368562E+01    5.2200000000E+00
    1.8953539154E+01    5.2500000000E+00
    1.8476099776E+01    5.2800000000E+00
    1.8432320016E+01    5.3100000000E+00
    1.8213874974E+01    5.3400000000E+00
    1.8103125703E+01    5.3700000000E+00
    1.8381608536E+01    5.4000000000E+00
    1.8284644790E+01    5.4300000000E+00
    1.8542814830E+01    5.4600000000E+00
    1.8209041088E+01    5.4900000000E+00
    1.8200299586E+01    5.5200000000E+00
    1.8354305591E+01    5.5500000000E+00
    1.8213236671E+01    5.5800000000E+00
    1.8343138617E+01    5.6100000000E+00
    1.8085263354E+01    5.6400000000E+00
    1.8256981179E+01    5.6700000000E+00
    1.8029597273E+01    5.7000000000E+00
    1.8009371161E+01    5.7300000000E+00
    1.8017448910E+01    5.7600000000E+00
    1.8015007920E+01    5.7900000000E+00
    1.8008645391E+01    5.8200000000E+00
    1.8000012497E+01    5.8500000000E+00
