     #     T [K]    \rho(delta_nk) [meV]
    1.6000005585E+01    2.8500000000E+00
    1.6000006168E+01    2.8800000000E+00
    1.6000135172E+01    2.9100000000E+00
    1.6000013318E+01    2.9400000000E+00
    1.6000036881E+01    2.9700000000E+00
    1.6018683675E+01    3.0000000000E+00
    1.6030100978E+01    3.0300000000E+00
    1.6000116455E+01    3.0600000000E+00
    1.6094225410E+01    3.0900000000E+00
    1.6119346156E+01    3.1200000000E+00
    1.6075576815E+01    3.1500000000E+00
    1.6147259121E+01    3.1800000000E+00
    1.6145140749E+01    3.2100000000E+00
    1.6178178761E+01    3.2400000000E+00
    1.6192133704E+01    3.2700000000E+00
    1.6306662516E+01    3.3000000000E+00
    1.6277951808E+01    3.3300000000E+00
    1.6384525044E+01    3.3600000000E+00
    1.6191580000E+01    3.3900000000E+00
    1.6258100072E+01    3.4200000000E+00
    1.6244847534E+01    3.4500000000E+00
    1.6247625998E+01    3.4800000000E+00
    1.6222449980E+01    3.5100000000E+00
    1.6224749502E+01    3.5400000000E+00
    1.6213456535E+01    3.5700000000E+00
    1.6201620498E+01    3.6000000000E+00
    1.6230701940E+01    3.6300000000E+00
    1.6273835002E+01    3.6600000000E+00
    1.6603584678E+01    3.6900000000E+00
    1.6376480681E+01    3.7200000000E+00
    1.6621512197E+01    3.7500000000E+00
    1.6482729068E+01    3.7800000000E+00
    1.6414193005E+01    3.8100000000E+00
    1.6478765984E+01    3.8400000000E+00
    1.6392891665E+01    3.8700000000E+00
    1.6619694528E+01    3.9000000000E+00
    1.6553188629E+01    3.9300000000E+00
    1.6535792661E+01    3.9600000000E+00
    1.6442996936E+01    3.9900000000E+00
    1.6406123718E+01    4.0200000000E+00
    1.6434858690E+01    4.0500000000E+00
    1.6861670985E+01    4.0800000000E+00
    1.6503931433E+01    4.1100000000E+00
    1.6587459754E+01    4.1400000000E+00
    1.6373209663E+01    4.1700000000E+00
    1.6630476726E+01    4.2000000000E+00
    1.6460956799E+01    4.2300000000E+00
    1.6863183969E+01    4.2600000000E+00
    1.6641026948E+01    4.2900000000E+00
    1.6289276215E+01    4.3200000000E+00
    1.6203527345E+01    4.3500000000E+00
    1.6143928900E+01    4.3800000000E+00
    1.6356184149E+01    4.4100000000E+00
    1.6548845672E+01    4.4400000000E+00
    1.6571373765E+01    4.4700000000E+00
    1.6044047376E+01    4.5000000000E+00
    1.6551043057E+01    4.5300000000E+00
    1.6272687967E+01    4.5600000000E+00
    1.6625249097E+01    4.5900000000E+00
    1.6628123135E+01    4.6200000000E+00
    1.6857981922E+01    4.6500000000E+00
    1.6438662199E+01    4.6800000000E+00
    1.6495150870E+01    4.7100000000E+00
    1.6868275820E+01    4.7400000000E+00
    1.6639715296E+01    4.7700000000E+00
    1.6495070238E+01    4.8000000000E+00
    1.6256202513E+01    4.8300000000E+00
    1.6605836165E+01    4.8600000000E+00
    1.6256556476E+01    4.8900000000E+00
    1.6293196402E+01    4.9200000000E+00
    1.6507067471E+01    4.9500000000E+00
    1.7000000000E+01    4.9800000000E+00
    1.6431847163E+01    5.0100000000E+00
    1.6678792810E+01    5.0400000000E+00
    1.6864822591E+01    5.0700000000E+00
    1.6594061099E+01    5.1000000000E+00
    1.6421297415E+01    5.1300000000E+00
    1.6083573855E+01    5.1600000000E+00
    1.6201358440E+01    5.1900000000E+00
    1.6700006291E+01    5.2200000000E+00
    1.6640540781E+01    5.2500000000E+00
    1.6897929027E+01    5.2800000000E+00
    1.6351117324E+01    5.3100000000E+00
    1.6327366935E+01    5.3400000000E+00
    1.6574048371E+01    5.3700000000E+00
    1.6502415888E+01    5.4000000000E+00
    1.6906988584E+01    5.4300000000E+00
    1.6438062404E+01    5.4600000000E+00
    1.6397912453E+01    5.4900000000E+00
    1.6148235140E+01    5.5200000000E+00
    1.6175505607E+01    5.5500000000E+00
    1.6275310781E+01    5.5800000000E+00
    1.6277103709E+01    5.6100000000E+00
    1.6587120722E+01    5.6400000000E+00
    1.6217692226E+01    5.6700000000E+00
    1.6207936548E+01    5.7000000000E+00
    1.6312658059E+01    5.7300000000E+00
    1.6228071228E+01    5.7600000000E+00
    1.6324445019E+01    5.7900000000E+00
    1.6086161483E+01    5.8200000000E+00
    1.6259880365E+01    5.8500000000E+00
    1.6029925664E+01    5.8800000000E+00
    1.6009475138E+01    5.9100000000E+00
    1.6017642511E+01    5.9400000000E+00
    1.6000190887E+01    5.9700000000E+00
    1.6023724865E+01    6.0000000000E+00
    1.6000012636E+01    6.0300000000E+00
