     #     T [K]    \rho(delta_nk) [meV]
    1.1500005079E+01    3.0600000000E+00
    1.1500128534E+01    3.0900000000E+00
    1.1500012057E+01    3.1500000000E+00
    1.1516993080E+01    3.1800000000E+00
    1.1526409323E+01    3.2100000000E+00
    1.1501001473E+01    3.2400000000E+00
    1.1500413945E+01    3.2700000000E+00
    1.1569220597E+01    3.3000000000E+00
    1.1657566850E+01    3.3300000000E+00
    1.1585322526E+01    3.3600000000E+00
    1.1585633692E+01    3.3900000000E+00
    1.1612794782E+01    3.4200000000E+00
    1.1732630191E+01    3.4500000000E+00
    1.1665472889E+01    3.4800000000E+00
    1.1711677031E+01    3.5100000000E+00
    1.1814524114E+01    3.5400000000E+00
    1.1772256114E+01    3.5700000000E+00
    1.1751174852E+01    3.6000000000E+00
    1.1676114487E+01    3.6300000000E+00
    1.1806089133E+01    3.6600000000E+00
    1.1634256694E+01    3.6900000000E+00
    1.1767528978E+01    3.7200000000E+00
    1.1703324549E+01    3.7500000000E+00
    1.1720889291E+01    3.7800000000E+00
    1.1825493536E+01    3.8100000000E+00
    1.1910004997E+01    3.8400000000E+00
    1.1754032420E+01    3.8700000000E+00
    1.1883928513E+01    3.9000000000E+00
    1.1869444905E+01    3.9300000000E+00
    1.1810172338E+01    3.9600000000E+00
    1.2204001008E+01    3.9900000000E+00
    1.1825092707E+01    4.0200000000E+00
    1.1997093779E+01    4.0500000000E+00
    1.1986631025E+01    4.0800000000E+00
    1.1960626732E+01    4.1100000000E+00
    1.1799161498E+01    4.1400000000E+00
    1.2068557182E+01    4.1700000000E+00
    1.1843474502E+01    4.2000000000E+00
    1.2032848259E+01    4.2300000000E+00
    1.1877750040E+01    4.2600000000E+00
    1.2036177916E+01    4.2900000000E+00
    1.2057271453E+01    4.3200000000E+00
    1.2032271462E+01    4.3500000000E+00
    1.2083928761E+01    4.3800000000E+00
    1.2226858847E+01    4.4100000000E+00
    1.1805233203E+01    4.4400000000E+00
    1.1856661226E+01    4.4700000000E+00
    1.1941590335E+01    4.5000000000E+00
    1.1774033526E+01    4.5300000000E+00
    1.1740744520E+01    4.5600000000E+00
    1.1716554111E+01    4.5900000000E+00
    1.1645421253E+01    4.6200000000E+00
    1.1705409007E+01    4.6500000000E+00
    1.1766998218E+01    4.6800000000E+00
    1.1835843009E+01    4.7100000000E+00
    1.1925645177E+01    4.7400000000E+00
    1.2130193535E+01    4.7700000000E+00
    1.1841136035E+01    4.8000000000E+00
    1.2093540331E+01    4.8300000000E+00
    1.1918112672E+01    4.8600000000E+00
    1.2105170031E+01    4.8900000000E+00
    1.2304462259E+01    4.9200000000E+00
    1.1917716213E+01    4.9500000000E+00
    1.1993957544E+01    4.9800000000E+00
    1.1727941441E+01    5.0100000000E+00
    1.1979693980E+01    5.0400000000E+00
    1.1735068284E+01    5.0700000000E+00
    1.2053144839E+01    5.1000000000E+00
    1.2045960322E+01    5.1300000000E+00
    1.2183623757E+01    5.1600000000E+00
    1.1818326560E+01    5.1900000000E+00
    1.2090319694E+01    5.2200000000E+00
    1.2247010641E+01    5.2500000000E+00
    1.2306219927E+01    5.2800000000E+00
    1.2024878606E+01    5.3100000000E+00
    1.1903150418E+01    5.3400000000E+00
    1.1738096450E+01    5.3700000000E+00
    1.1801328102E+01    5.4000000000E+00
    1.2173943283E+01    5.4300000000E+00
    1.1878282158E+01    5.4600000000E+00
    1.2500000000E+01    5.4900000000E+00
    1.1711166310E+01    5.5200000000E+00
    1.1900541259E+01    5.5500000000E+00
    1.1994243760E+01    5.5800000000E+00
    1.1842891247E+01    5.6100000000E+00
    1.2478014299E+01    5.6400000000E+00
    1.1957881584E+01    5.6700000000E+00
    1.1700191754E+01    5.7000000000E+00
    1.1735490654E+01    5.7300000000E+00
    1.1545950096E+01    5.7600000000E+00
    1.1780746480E+01    5.7900000000E+00
    1.1836973776E+01    5.8200000000E+00
    1.1850092002E+01    5.8500000000E+00
    1.1685242987E+01    5.8800000000E+00
    1.1835189929E+01    5.9100000000E+00
    1.1671922904E+01    5.9400000000E+00
    1.1812031963E+01    5.9700000000E+00
    1.1740291695E+01    6.0000000000E+00
    1.1647839480E+01    6.0300000000E+00
    1.1648306124E+01    6.0600000000E+00
    1.1642211091E+01    6.0900000000E+00
    1.1522395477E+01    6.1200000000E+00
    1.1503024012E+01    6.1500000000E+00
    1.1516154795E+01    6.1800000000E+00
    1.1513679638E+01    6.2100000000E+00
    1.1507961691E+01    6.2400000000E+00
