     #     T [K]    \rho(delta_nk) [meV]
    3.5000074700E+00    3.1200000000E+00
    3.5001426578E+00    3.1500000000E+00
    3.5000136081E+00    3.2100000000E+00
    3.5000399182E+00    3.2400000000E+00
    3.5371462224E+00    3.2700000000E+00
    3.5127057907E+00    3.3000000000E+00
    3.5004316194E+00    3.3300000000E+00
    3.5704650716E+00    3.3600000000E+00
    3.6585680975E+00    3.3900000000E+00
    3.5772595161E+00    3.4200000000E+00
    3.6254987389E+00    3.4500000000E+00
    3.5809822425E+00    3.4800000000E+00
    3.7502856537E+00    3.5100000000E+00
    3.6939023160E+00    3.5400000000E+00
    3.7947925387E+00    3.5700000000E+00
    3.8133193323E+00    3.6000000000E+00
    3.8530545632E+00    3.6300000000E+00
    3.6307620145E+00    3.6600000000E+00
    3.8389732001E+00    3.6900000000E+00
    3.8496807855E+00    3.7200000000E+00
    3.6003395836E+00    3.7500000000E+00
    3.7492733895E+00    3.7800000000E+00
    3.7787343259E+00    3.8100000000E+00
    3.8449650050E+00    3.8400000000E+00
    3.7851127044E+00    3.8700000000E+00
    4.0590929884E+00    3.9000000000E+00
    3.8941153447E+00    3.9300000000E+00
    3.6158596315E+00    3.9600000000E+00
    4.1427579551E+00    3.9900000000E+00
    3.8701052194E+00    4.0200000000E+00
    3.9023227300E+00    4.0500000000E+00
    3.9861362032E+00    4.0800000000E+00
    4.3188963168E+00    4.1100000000E+00
    4.0833100519E+00    4.1400000000E+00
    3.7960745271E+00    4.1700000000E+00
    3.8800860328E+00    4.2000000000E+00
    4.2975855633E+00    4.2300000000E+00
    3.8021341670E+00    4.2600000000E+00
    3.9443025315E+00    4.2900000000E+00
    3.9629664948E+00    4.3200000000E+00
    4.0830126703E+00    4.3500000000E+00
    4.2854861516E+00    4.3800000000E+00
    3.9122833775E+00    4.4100000000E+00
    4.1704236125E+00    4.4400000000E+00
    4.2862108534E+00    4.4700000000E+00
    3.8951948487E+00    4.5000000000E+00
    3.9749307766E+00    4.5300000000E+00
    3.9225207061E+00    4.5600000000E+00
    3.7704400444E+00    4.5900000000E+00
    3.9001035876E+00    4.6200000000E+00
    3.5915405661E+00    4.6500000000E+00
    3.9280438763E+00    4.6800000000E+00
    3.5863227676E+00    4.7100000000E+00
    3.7859672417E+00    4.7400000000E+00
    3.6575607578E+00    4.7700000000E+00
    4.0086384050E+00    4.8000000000E+00
    4.0898794353E+00    4.8300000000E+00
    4.3253509007E+00    4.8600000000E+00
    3.9613307838E+00    4.8900000000E+00
    3.7680271992E+00    4.9200000000E+00
    4.2288316286E+00    4.9500000000E+00
    4.0905395674E+00    4.9800000000E+00
    4.4805666438E+00    5.0100000000E+00
    3.9836878310E+00    5.0400000000E+00
    3.8538465027E+00    5.0700000000E+00
    3.6381563026E+00    5.1000000000E+00
    4.0431297607E+00    5.1300000000E+00
    3.8928992328E+00    5.1600000000E+00
    4.1084396428E+00    5.1900000000E+00
    4.5000000000E+00    5.2200000000E+00
    3.8670688300E+00    5.2500000000E+00
    4.1919131561E+00    5.2800000000E+00
    4.2818551093E+00    5.3100000000E+00
    4.2117645424E+00    5.3400000000E+00
    4.3170450696E+00    5.3700000000E+00
    3.8675421353E+00    5.4000000000E+00
    3.7841916150E+00    5.4300000000E+00
    3.9294112357E+00    5.4600000000E+00
    4.2086022213E+00    5.4900000000E+00
    4.0035540196E+00    5.5200000000E+00
    4.3689555362E+00    5.5500000000E+00
    4.0882489634E+00    5.5800000000E+00
    3.8330424217E+00    5.6100000000E+00
    4.0991402163E+00    5.6400000000E+00
    3.7967269333E+00    5.6700000000E+00
    4.4288786144E+00    5.7000000000E+00
    4.1406803297E+00    5.7300000000E+00
    3.8963316603E+00    5.7600000000E+00
    3.7454634486E+00    5.7900000000E+00
    3.6172632821E+00    5.8200000000E+00
    3.7028872736E+00    5.8500000000E+00
    3.8187342803E+00    5.8800000000E+00
    3.8909616149E+00    5.9100000000E+00
    3.8832377460E+00    5.9400000000E+00
    3.8043198460E+00    5.9700000000E+00
    3.6875859235E+00    6.0000000000E+00
    3.8100562614E+00    6.0300000000E+00
    3.8101726222E+00    6.0600000000E+00
    3.7054426063E+00    6.0900000000E+00
    3.6007208759E+00    6.1200000000E+00
    3.7551293995E+00    6.1500000000E+00
    3.5290013418E+00    6.1800000000E+00
    3.5090356525E+00    6.2100000000E+00
    3.5181195618E+00    6.2400000000E+00
    3.5001308566E+00    6.2700000000E+00
    3.5242183398E+00    6.3000000000E+00
    3.5000129127E+00    6.3300000000E+00
