     #     T [K]    \rho(delta_nk) [meV]
    1.4000005559E+01    2.9700000000E+00
    1.4000140673E+01    3.0000000000E+00
    1.4000013245E+01    3.0600000000E+00
    1.4000036881E+01    3.0900000000E+00
    1.4018598892E+01    3.1200000000E+00
    1.4029967676E+01    3.1500000000E+00
    1.4000144844E+01    3.1800000000E+00
    1.4095500284E+01    3.2100000000E+00
    1.4128290367E+01    3.2400000000E+00
    1.4074835532E+01    3.2700000000E+00
    1.4136380816E+01    3.3000000000E+00
    1.4127032454E+01    3.3300000000E+00
    1.4244148733E+01    3.3600000000E+00
    1.4188468198E+01    3.3900000000E+00
    1.4194474657E+01    3.4200000000E+00
    1.4380306849E+01    3.4500000000E+00
    1.4317324029E+01    3.4800000000E+00
    1.4186479073E+01    3.5100000000E+00
    1.4313735384E+01    3.5400000000E+00
    1.4251383653E+01    3.5700000000E+00
    1.4159319036E+01    3.6000000000E+00
    1.4308621720E+01    3.6300000000E+00
    1.4207618570E+01    3.6600000000E+00
    1.4195020201E+01    3.6900000000E+00
    1.4260358993E+01    3.7200000000E+00
    1.4451180837E+01    3.7500000000E+00
    1.4272981778E+01    3.7800000000E+00
    1.4627690175E+01    3.8100000000E+00
    1.4195612507E+01    3.8400000000E+00
    1.4450681489E+01    3.8700000000E+00
    1.4714207273E+01    3.9000000000E+00
    1.4364216717E+01    3.9300000000E+00
    1.4459726280E+01    3.9600000000E+00
    1.4485562157E+01    3.9900000000E+00
    1.4694552375E+01    4.0200000000E+00
    1.4408023455E+01    4.0500000000E+00
    1.4374954984E+01    4.0800000000E+00
    1.4596484089E+01    4.1100000000E+00
    1.4343049978E+01    4.1400000000E+00
    1.4544248157E+01    4.1700000000E+00
    1.4522575899E+01    4.2000000000E+00
    1.4772144059E+01    4.2300000000E+00
    1.4521249981E+01    4.2600000000E+00
    1.4647998079E+01    4.2900000000E+00
    1.4440150777E+01    4.3200000000E+00
    1.4547708149E+01    4.3500000000E+00
    1.4774676836E+01    4.3800000000E+00
    1.4337237362E+01    4.4100000000E+00
    1.4320086467E+01    4.4400000000E+00
    1.4127435297E+01    4.4700000000E+00
    1.4326147376E+01    4.5000000000E+00
    1.4160320701E+01    4.5300000000E+00
    1.4426596028E+01    4.5600000000E+00
    1.4210006606E+01    4.5900000000E+00
    1.4865359569E+01    4.6200000000E+00
    1.4075754143E+01    4.6500000000E+00
    1.4467322614E+01    4.6800000000E+00
    1.4504416774E+01    4.7100000000E+00
    1.4525927093E+01    4.7400000000E+00
    1.4816133342E+01    4.7700000000E+00
    1.4480552182E+01    4.8000000000E+00
    1.4751259567E+01    4.8300000000E+00
    1.4450057627E+01    4.8600000000E+00
    1.4676325621E+01    4.8900000000E+00
    1.4444914826E+01    4.9200000000E+00
    1.4424349350E+01    4.9500000000E+00
    1.4366848119E+01    4.9800000000E+00
    1.4491963875E+01    5.0100000000E+00
    1.4547959278E+01    5.0400000000E+00
    1.4502043239E+01    5.0700000000E+00
    1.4539065276E+01    5.1000000000E+00
    1.4847157199E+01    5.1300000000E+00
    1.4762453740E+01    5.1600000000E+00
    1.4668174112E+01    5.1900000000E+00
    1.4623171083E+01    5.2200000000E+00
    1.4490836099E+01    5.2500000000E+00
    1.4089982188E+01    5.2800000000E+00
    1.4337464855E+01    5.3100000000E+00
    1.4695569653E+01    5.3400000000E+00
    1.4662323947E+01    5.3700000000E+00
    1.4885913671E+01    5.4000000000E+00
    1.4283527670E+01    5.4300000000E+00
    1.4379894072E+01    5.4600000000E+00
    1.4535344165E+01    5.4900000000E+00
    1.4403108802E+01    5.5200000000E+00
    1.5000000000E+01    5.5500000000E+00
    1.4510915656E+01    5.5800000000E+00
    1.4321252576E+01    5.6100000000E+00
    1.4146101143E+01    5.6400000000E+00
    1.4125397424E+01    5.6700000000E+00
    1.4249801756E+01    5.7000000000E+00
    1.4350886919E+01    5.7300000000E+00
    1.4445393574E+01    5.7600000000E+00
    1.4160596578E+01    5.7900000000E+00
    1.4346813709E+01    5.8200000000E+00
    1.4346416212E+01    5.8500000000E+00
    1.4224600274E+01    5.8800000000E+00
    1.4306508056E+01    5.9100000000E+00
    1.4098488897E+01    5.9400000000E+00
    1.4215243346E+01    5.9700000000E+00
    1.4099623084E+01    6.0000000000E+00
    1.4006136018E+01    6.0300000000E+00
    1.4020858818E+01    6.0600000000E+00
    1.4000171044E+01    6.0900000000E+00
    1.4023625399E+01    6.1200000000E+00
    1.4000023577E+01    6.1500000000E+00
