     #     T [K]    \rho(delta_nk) [meV]
    1.3000013124E+01    3.0300000000E+00
    1.3000129947E+01    3.0600000000E+00
    1.3000012968E+01    3.0900000000E+00
    1.3000035924E+01    3.1200000000E+00
    1.3018157863E+01    3.1500000000E+00
    1.3028275827E+01    3.1800000000E+00
    1.3001074540E+01    3.2100000000E+00
    1.3037382332E+01    3.2400000000E+00
    1.3137152119E+01    3.2700000000E+00
    1.3078127590E+01    3.3000000000E+00
    1.3082168496E+01    3.3300000000E+00
    1.3091967701E+01    3.3600000000E+00
    1.3181398567E+01    3.3900000000E+00
    1.3250113706E+01    3.4200000000E+00
    1.3234953514E+01    3.4500000000E+00
    1.3287078334E+01    3.4800000000E+00
    1.3318954635E+01    3.5100000000E+00
    1.3207434771E+01    3.5400000000E+00
    1.3210388374E+01    3.5700000000E+00
    1.3364569856E+01    3.6000000000E+00
    1.3164836041E+01    3.6300000000E+00
    1.3236248346E+01    3.6600000000E+00
    1.3161121337E+01    3.6900000000E+00
    1.3290516216E+01    3.7200000000E+00
    1.3165420789E+01    3.7500000000E+00
    1.3448916307E+01    3.7800000000E+00
    1.3347291554E+01    3.8100000000E+00
    1.3365698729E+01    3.8400000000E+00
    1.3405761504E+01    3.8700000000E+00
    1.3460154128E+01    3.9000000000E+00
    1.3291942444E+01    3.9300000000E+00
    1.3688621127E+01    3.9600000000E+00
    1.3389534700E+01    3.9900000000E+00
    1.3580451011E+01    4.0200000000E+00
    1.3406405993E+01    4.0500000000E+00
    1.3563438105E+01    4.0800000000E+00
    1.3421940264E+01    4.1100000000E+00
    1.3427143185E+01    4.1400000000E+00
    1.3490667091E+01    4.1700000000E+00
    1.3442874961E+01    4.2000000000E+00
    1.3515301811E+01    4.2300000000E+00
    1.3655499296E+01    4.2600000000E+00
    1.3612253576E+01    4.2900000000E+00
    1.3506480437E+01    4.3200000000E+00
    1.3645945698E+01    4.3500000000E+00
    1.3619760142E+01    4.3800000000E+00
    1.3414559089E+01    4.4100000000E+00
    1.3508132683E+01    4.4400000000E+00
    1.3506405510E+01    4.4700000000E+00
    1.3107825205E+01    4.5000000000E+00
    1.3221167441E+01    4.5300000000E+00
    1.3194032521E+01    4.5600000000E+00
    1.3258253900E+01    4.5900000000E+00
    1.3156488958E+01    4.6200000000E+00
    1.3445408741E+01    4.6500000000E+00
    1.3478194297E+01    4.6800000000E+00
    1.3617261332E+01    4.7100000000E+00
    1.3296906107E+01    4.7400000000E+00
    1.3589702069E+01    4.7700000000E+00
    1.3564269246E+01    4.8000000000E+00
    1.3377866797E+01    4.8300000000E+00
    1.3960375369E+01    4.8600000000E+00
    1.3544584405E+01    4.8900000000E+00
    1.3693227526E+01    4.9200000000E+00
    1.3172130991E+01    4.9500000000E+00
    1.3508980318E+01    4.9800000000E+00
    1.3428371566E+01    5.0100000000E+00
    1.3468290317E+01    5.0400000000E+00
    1.3410770391E+01    5.0700000000E+00
    1.3655704164E+01    5.1000000000E+00
    1.3640083570E+01    5.1300000000E+00
    1.3465858365E+01    5.1600000000E+00
    1.3505871492E+01    5.1900000000E+00
    1.4000000000E+01    5.2200000000E+00
    1.3649461249E+01    5.2500000000E+00
    1.3598433036E+01    5.2800000000E+00
    1.3294678120E+01    5.3100000000E+00
    1.3259438433E+01    5.3400000000E+00
    1.3410340808E+01    5.3700000000E+00
    1.3754044049E+01    5.4000000000E+00
    1.3625157056E+01    5.4300000000E+00
    1.3753545887E+01    5.4600000000E+00
    1.3381226140E+01    5.4900000000E+00
    1.3312103655E+01    5.5200000000E+00
    1.3426154987E+01    5.5500000000E+00
    1.3711479937E+01    5.5800000000E+00
    1.3615804866E+01    5.6100000000E+00
    1.3477208427E+01    5.6400000000E+00
    1.3365923155E+01    5.6700000000E+00
    1.3124131181E+01    5.7000000000E+00
    1.3193568039E+01    5.7300000000E+00
    1.3301223988E+01    5.7600000000E+00
    1.3317806609E+01    5.7900000000E+00
    1.3420983848E+01    5.8200000000E+00
    1.3291419324E+01    5.8500000000E+00
    1.3146063777E+01    5.8800000000E+00
    1.3328136219E+01    5.9100000000E+00
    1.3240292627E+01    5.9400000000E+00
    1.3251033766E+01    5.9700000000E+00
    1.3072653370E+01    6.0000000000E+00
    1.3264568264E+01    6.0300000000E+00
    1.3028884372E+01    6.0600000000E+00
    1.3009129837E+01    6.0900000000E+00
    1.3017362783E+01    6.1200000000E+00
    1.3000099622E+01    6.1500000000E+00
    1.3023102569E+01    6.1800000000E+00
    1.3000012304E+01    6.2100000000E+00
