     #     T [K]    \rho(delta_nk) [meV]
    1.9000006285E+01    2.6100000000E+00
    1.9000006941E+01    2.6400000000E+00
    1.9000150161E+01    2.6700000000E+00
    1.9000015000E+01    2.7000000000E+00
    1.9000043445E+01    2.7300000000E+00
    1.9040899057E+01    2.7600000000E+00
    1.9014001138E+01    2.7900000000E+00
    1.9042875504E+01    2.8200000000E+00
    1.9186706651E+01    2.8500000000E+00
    1.9048143053E+01    2.8800000000E+00
    1.9160545473E+01    2.9100000000E+00
    1.9053068434E+01    2.9400000000E+00
    1.9221113683E+01    2.9700000000E+00
    1.9266418474E+01    3.0000000000E+00
    1.9416554168E+01    3.0300000000E+00
    1.9164324348E+01    3.0600000000E+00
    1.9340746872E+01    3.0900000000E+00
    1.9393057196E+01    3.1200000000E+00
    1.9327866912E+01    3.1500000000E+00
    1.9201281231E+01    3.1800000000E+00
    1.9368561009E+01    3.2100000000E+00
    1.9158599057E+01    3.2400000000E+00
    1.9217403216E+01    3.2700000000E+00
    1.9251294220E+01    3.3000000000E+00
    1.9216615460E+01    3.3300000000E+00
    1.9306713978E+01    3.3600000000E+00
    1.9264676933E+01    3.3900000000E+00
    1.9181493251E+01    3.4200000000E+00
    1.9606242040E+01    3.4500000000E+00
    1.9721305633E+01    3.4800000000E+00
    1.9407430558E+01    3.5100000000E+00
    1.9717250313E+01    3.5400000000E+00
    1.9410620969E+01    3.5700000000E+00
    1.9568060380E+01    3.6000000000E+00
    1.9602567426E+01    3.6300000000E+00
    1.9535981317E+01    3.6600000000E+00
    1.9705960265E+01    3.6900000000E+00
    1.9490092875E+01    3.7200000000E+00
    1.9368421681E+01    3.7500000000E+00
    2.0000000000E+01    3.7800000000E+00
    1.9771171020E+01    3.8100000000E+00
    1.9366328656E+01    3.8400000000E+00
    1.9485396079E+01    3.8700000000E+00
    1.9739775420E+01    3.9000000000E+00
    1.9615031578E+01    3.9300000000E+00
    1.9544371000E+01    3.9600000000E+00
    1.9886719646E+01    3.9900000000E+00
    1.9671595089E+01    4.0200000000E+00
    1.9710547434E+01    4.0500000000E+00
    1.9599876624E+01    4.0800000000E+00
    1.9623752185E+01    4.1100000000E+00
    1.9417089298E+01    4.1400000000E+00
    1.9358421872E+01    4.1700000000E+00
    1.9463558038E+01    4.2000000000E+00
    1.9416827660E+01    4.2300000000E+00
    1.9582320845E+01    4.2600000000E+00
    1.9443974634E+01    4.2900000000E+00
    1.9583356911E+01    4.3200000000E+00
    1.9965769747E+01    4.3500000000E+00
    1.9737397729E+01    4.3800000000E+00
    1.9654560671E+01    4.4100000000E+00
    1.9635536026E+01    4.4400000000E+00
    1.9351248313E+01    4.4700000000E+00
    1.9770311145E+01    4.5000000000E+00
    1.9781935528E+01    4.5300000000E+00
    1.9428367658E+01    4.5600000000E+00
    1.9445766875E+01    4.5900000000E+00
    1.9583100124E+01    4.6200000000E+00
    1.9281350989E+01    4.6500000000E+00
    1.9494706797E+01    4.6800000000E+00
    1.9693740715E+01    4.7100000000E+00
    1.9616592348E+01    4.7400000000E+00
    1.9500962227E+01    4.7700000000E+00
    1.9784335372E+01    4.8000000000E+00
    1.9739771332E+01    4.8300000000E+00
    1.9416239775E+01    4.8600000000E+00
    1.9291216296E+01    4.8900000000E+00
    1.9168841095E+01    4.9200000000E+00
    1.9524883599E+01    4.9500000000E+00
    1.9970708880E+01    4.9800000000E+00
    1.9992521059E+01    5.0100000000E+00
    1.9397197876E+01    5.0400000000E+00
    1.9602759840E+01    5.0700000000E+00
    1.9504817138E+01    5.1000000000E+00
    1.9772134516E+01    5.1300000000E+00
    1.9753017626E+01    5.1600000000E+00
    1.9461310017E+01    5.1900000000E+00
    1.9409012575E+01    5.2200000000E+00
    1.9210819383E+01    5.2500000000E+00
    1.9434483030E+01    5.2800000000E+00
    1.9167912578E+01    5.3100000000E+00
    1.9586599008E+01    5.3400000000E+00
    1.9424843766E+01    5.3700000000E+00
    1.9193104506E+01    5.4000000000E+00
    1.9401737466E+01    5.4300000000E+00
    1.9231600611E+01    5.4600000000E+00
    1.9437681359E+01    5.4900000000E+00
    1.9095720073E+01    5.5200000000E+00
    1.9268665468E+01    5.5500000000E+00
    1.9058709088E+01    5.5800000000E+00
    1.9010205344E+01    5.6100000000E+00
    1.9020311472E+01    5.6400000000E+00
    1.9017076537E+01    5.6700000000E+00
    1.9009837029E+01    5.7000000000E+00
    1.9000014220E+01    5.7300000000E+00
