     #     T [K]    \rho(delta_nk) [meV]
    2.5500009042E+01    1.8300000000E+00
    2.5500000427E+01    1.8600000000E+00
    2.5500010209E+01    1.8900000000E+00
    2.5500158860E+01    1.9200000000E+00
    2.5500099981E+01    1.9500000000E+00
    2.5644905486E+01    1.9800000000E+00
    2.5527556107E+01    2.0100000000E+00
    2.5589571179E+01    2.0400000000E+00
    2.5594411471E+01    2.0700000000E+00
    2.5659987082E+01    2.1000000000E+00
    2.5779501694E+01    2.1300000000E+00
    2.5793970499E+01    2.1600000000E+00
    2.5696722977E+01    2.1900000000E+00
    2.5773108174E+01    2.2200000000E+00
    2.5780866105E+01    2.2500000000E+00
    2.5716002454E+01    2.2800000000E+00
    2.5703567205E+01    2.3100000000E+00
    2.5792734565E+01    2.3400000000E+00
    2.5610782844E+01    2.3700000000E+00
    2.5796235976E+01    2.4000000000E+00
    2.5872535050E+01    2.4300000000E+00
    2.5602803893E+01    2.4600000000E+00
    2.5765776088E+01    2.4900000000E+00
    2.5908749685E+01    2.5200000000E+00
    2.5767704932E+01    2.5500000000E+00
    2.5899931577E+01    2.5800000000E+00
    2.5814139375E+01    2.6100000000E+00
    2.5937765667E+01    2.6400000000E+00
    2.5852552166E+01    2.6700000000E+00
    2.6146410791E+01    2.7000000000E+00
    2.5875392996E+01    2.7300000000E+00
    2.6419164220E+01    2.7600000000E+00
    2.5670628114E+01    2.7900000000E+00
    2.5969741718E+01    2.8200000000E+00
    2.6222314663E+01    2.8500000000E+00
    2.6402591655E+01    2.8800000000E+00
    2.5776738364E+01    2.9100000000E+00
    2.6002793339E+01    2.9400000000E+00
    2.6201754031E+01    2.9700000000E+00
    2.6043595629E+01    3.0000000000E+00
    2.5941594288E+01    3.0300000000E+00
    2.6181510042E+01    3.0600000000E+00
    2.6500000000E+01    3.0900000000E+00
    2.6485811989E+01    3.1200000000E+00
    2.5768690806E+01    3.1500000000E+00
    2.5827556995E+01    3.1800000000E+00
    2.5947241218E+01    3.2100000000E+00
    2.5804811476E+01    3.2400000000E+00
    2.5753560167E+01    3.2700000000E+00
    2.5922841519E+01    3.3000000000E+00
    2.5943484629E+01    3.3300000000E+00
    2.5894136188E+01    3.3600000000E+00
    2.5843743688E+01    3.3900000000E+00
    2.6016891285E+01    3.4200000000E+00
    2.5762999284E+01    3.4500000000E+00
    2.5846015044E+01    3.4800000000E+00
    2.6002549979E+01    3.5100000000E+00
    2.5645058884E+01    3.5400000000E+00
    2.5719694502E+01    3.5700000000E+00
    2.5851477014E+01    3.6000000000E+00
    2.5631024417E+01    3.6300000000E+00
    2.6096315004E+01    3.6600000000E+00
    2.6170097729E+01    3.6900000000E+00
    2.5757805689E+01    3.7200000000E+00
    2.5899615772E+01    3.7500000000E+00
    2.5868698035E+01    3.7800000000E+00
    2.6124819362E+01    3.8100000000E+00
    2.6232506464E+01    3.8400000000E+00
    2.6047786562E+01    3.8700000000E+00
    2.6265286158E+01    3.9000000000E+00
    2.5937807310E+01    3.9300000000E+00
    2.6063877348E+01    3.9600000000E+00
    2.5817477923E+01    3.9900000000E+00
    2.5847348123E+01    4.0200000000E+00
    2.5823163503E+01    4.0500000000E+00
    2.5910081378E+01    4.0800000000E+00
    2.5826851376E+01    4.1100000000E+00
    2.5638289465E+01    4.1400000000E+00
    2.5767762389E+01    4.1700000000E+00
    2.5837437252E+01    4.2000000000E+00
    2.5659116511E+01    4.2300000000E+00
    2.5717526496E+01    4.2600000000E+00
    2.5526898529E+01    4.2900000000E+00
    2.5520845980E+01    4.3200000000E+00
    2.5511611351E+01    4.3500000000E+00
    2.5506789524E+01    4.3800000000E+00
    2.5500009722E+01    4.4100000000E+00
