     #     T [K]    \rho(delta_nk) [meV]
    2.2500012085E+01    2.4000000000E+00
    2.2500000570E+01    2.4300000000E+00
    2.2500150340E+01    2.4600000000E+00
    2.2500039712E+01    2.4900000000E+00
    2.2537375012E+01    2.5200000000E+00
    2.2512791798E+01    2.5500000000E+00
    2.2539408391E+01    2.5800000000E+00
    2.2671212591E+01    2.6100000000E+00
    2.2568510386E+01    2.6400000000E+00
    2.2665287910E+01    2.6700000000E+00
    2.2651782562E+01    2.7000000000E+00
    2.2797369228E+01    2.7300000000E+00
    2.2804445696E+01    2.7600000000E+00
    2.2766486519E+01    2.7900000000E+00
    2.2849467971E+01    2.8200000000E+00
    2.2781854095E+01    2.8500000000E+00
    2.2819232604E+01    2.8800000000E+00
    2.2796937909E+01    2.9100000000E+00
    2.2723269678E+01    2.9400000000E+00
    2.2775384639E+01    2.9700000000E+00
    2.2650351595E+01    3.0000000000E+00
    2.2815313217E+01    3.0300000000E+00
    2.2749752308E+01    3.0600000000E+00
    2.2588575312E+01    3.0900000000E+00
    2.3066530071E+01    3.1200000000E+00
    2.2839057736E+01    3.1500000000E+00
    2.3249326593E+01    3.1800000000E+00
    2.3112171038E+01    3.2100000000E+00
    2.2921594988E+01    3.2400000000E+00
    2.3230534618E+01    3.2700000000E+00
    2.2960438683E+01    3.3000000000E+00
    2.2916558819E+01    3.3300000000E+00
    2.3317123866E+01    3.3600000000E+00
    2.3015107820E+01    3.3900000000E+00
    2.2871360996E+01    3.4200000000E+00
    2.3445173715E+01    3.4500000000E+00
    2.3148813713E+01    3.4800000000E+00
    2.3114787285E+01    3.5100000000E+00
    2.3063067123E+01    3.5400000000E+00
    2.2982375957E+01    3.5700000000E+00
    2.3039476502E+01    3.6000000000E+00
    2.3500000000E+01    3.6300000000E+00
    2.3287687668E+01    3.6600000000E+00
    2.2972838176E+01    3.6900000000E+00
    2.3102260846E+01    3.7200000000E+00
    2.3132957657E+01    3.7500000000E+00
    2.2879232833E+01    3.7800000000E+00
    2.3009550238E+01    3.8100000000E+00
    2.2826430485E+01    3.8400000000E+00
    2.3023818719E+01    3.8700000000E+00
    2.3055128205E+01    3.9000000000E+00
    2.3162692969E+01    3.9300000000E+00
    2.3390737252E+01    3.9600000000E+00
    2.3140979955E+01    3.9900000000E+00
    2.3252036012E+01    4.0200000000E+00
    2.3080727268E+01    4.0500000000E+00
    2.2825653626E+01    4.0800000000E+00
    2.3392710689E+01    4.1100000000E+00
    2.3121091352E+01    4.1400000000E+00
    2.2972972962E+01    4.1700000000E+00
    2.3004572157E+01    4.2000000000E+00
    2.2999543537E+01    4.2300000000E+00
    2.2980061325E+01    4.2600000000E+00
    2.2995735999E+01    4.2900000000E+00
    2.3196079919E+01    4.3200000000E+00
    2.3268831797E+01    4.3500000000E+00
    2.3308562696E+01    4.3800000000E+00
    2.2923081160E+01    4.4100000000E+00
    2.2854371462E+01    4.4400000000E+00
    2.2733305812E+01    4.4700000000E+00
    2.3104283121E+01    4.5000000000E+00
    2.3478212849E+01    4.5300000000E+00
    2.3314303792E+01    4.5600000000E+00
    2.2853233508E+01    4.5900000000E+00
    2.3304432006E+01    4.6200000000E+00
    2.3247299526E+01    4.6500000000E+00
    2.3190765706E+01    4.6800000000E+00
    2.2992175134E+01    4.7100000000E+00
    2.2804721876E+01    4.7400000000E+00
    2.2868540603E+01    4.7700000000E+00
    2.2719515746E+01    4.8000000000E+00
    2.2936272241E+01    4.8300000000E+00
    2.3038437623E+01    4.8600000000E+00
    2.2655571383E+01    4.8900000000E+00
    2.2980453914E+01    4.9200000000E+00
    2.2607430883E+01    4.9500000000E+00
    2.3014686561E+01    4.9800000000E+00
    2.2565996287E+01    5.0100000000E+00
    2.2779259736E+01    5.0400000000E+00
    2.2541363317E+01    5.0700000000E+00
    2.2527885940E+01    5.1000000000E+00
    2.2500137338E+01    5.1300000000E+00
    2.2524414087E+01    5.1600000000E+00
    2.2500054897E+01    5.1900000000E+00
