     #     T [K]    \rho(delta_nk) [meV]
    1.3500006015E+01    2.9700000000E+00
    1.3500007091E+01    3.0000000000E+00
    1.3500150727E+01    3.0300000000E+00
    1.3500014869E+01    3.0600000000E+00
    1.3500041129E+01    3.0900000000E+00
    1.3520795126E+01    3.1200000000E+00
    1.3532382613E+01    3.1500000000E+00
    1.3501230606E+01    3.1800000000E+00
    1.3542811749E+01    3.2100000000E+00
    1.3657387181E+01    3.2400000000E+00
    1.3608567508E+01    3.2700000000E+00
    1.3574502609E+01    3.3000000000E+00
    1.3605234790E+01    3.3300000000E+00
    1.3708027521E+01    3.3600000000E+00
    1.3793919286E+01    3.3900000000E+00
    1.3816598415E+01    3.4200000000E+00
    1.3771924667E+01    3.4500000000E+00
    1.3853389921E+01    3.4800000000E+00
    1.3804042778E+01    3.5100000000E+00
    1.3746330503E+01    3.5400000000E+00
    1.3843220238E+01    3.5700000000E+00
    1.3696609559E+01    3.6000000000E+00
    1.3679081412E+01    3.6300000000E+00
    1.3778593535E+01    3.6600000000E+00
    1.3839171145E+01    3.6900000000E+00
    1.3658415048E+01    3.7200000000E+00
    1.4034985280E+01    3.7500000000E+00
    1.3813968279E+01    3.7800000000E+00
    1.3932610834E+01    3.8100000000E+00
    1.4133564828E+01    3.8400000000E+00
    1.3686211452E+01    3.8700000000E+00
    1.4046257306E+01    3.9000000000E+00
    1.4331125516E+01    3.9300000000E+00
    1.3954025789E+01    3.9600000000E+00
    1.4073236453E+01    3.9900000000E+00
    1.3997273715E+01    4.0200000000E+00
    1.4177256890E+01    4.0500000000E+00
    1.3959925301E+01    4.0800000000E+00
    1.4057546241E+01    4.1100000000E+00
    1.4073337012E+01    4.1400000000E+00
    1.3958125653E+01    4.1700000000E+00
    1.4068351036E+01    4.2000000000E+00
    1.4242075518E+01    4.2300000000E+00
    1.4065215958E+01    4.2600000000E+00
    1.4095397564E+01    4.2900000000E+00
    1.4245619409E+01    4.3200000000E+00
    1.4325355238E+01    4.3500000000E+00
    1.3855873177E+01    4.3800000000E+00
    1.4271833834E+01    4.4100000000E+00
    1.3971823534E+01    4.4400000000E+00
    1.3756854030E+01    4.4700000000E+00
    1.3740308741E+01    4.5000000000E+00
    1.3742600217E+01    4.5300000000E+00
    1.3706579811E+01    4.5600000000E+00
    1.3889591970E+01    4.5900000000E+00
    1.3896117411E+01    4.6200000000E+00
    1.4308549037E+01    4.6500000000E+00
    1.3746003822E+01    4.6800000000E+00
    1.3884396126E+01    4.7100000000E+00
    1.4057832020E+01    4.7400000000E+00
    1.4500000000E+01    4.7700000000E+00
    1.4012223204E+01    4.8000000000E+00
    1.4287565977E+01    4.8300000000E+00
    1.4341081286E+01    4.8600000000E+00
    1.4027403981E+01    4.8900000000E+00
    1.3997890254E+01    4.9200000000E+00
    1.4009807033E+01    4.9500000000E+00
    1.4169818551E+01    4.9800000000E+00
    1.3734202197E+01    5.0100000000E+00
    1.4213468760E+01    5.0400000000E+00
    1.3901981837E+01    5.0700000000E+00
    1.4207172584E+01    5.1000000000E+00
    1.4026109594E+01    5.1300000000E+00
    1.4389241834E+01    5.1600000000E+00
    1.4431201987E+01    5.1900000000E+00
    1.4232622275E+01    5.2200000000E+00
    1.4278512659E+01    5.2500000000E+00
    1.3969635653E+01    5.2800000000E+00
    1.3570561614E+01    5.3100000000E+00
    1.3949595311E+01    5.3400000000E+00
    1.4248936612E+01    5.3700000000E+00
    1.4308617556E+01    5.4000000000E+00
    1.4351778603E+01    5.4300000000E+00
    1.3904139110E+01    5.4600000000E+00
    1.3955529510E+01    5.4900000000E+00
    1.3960820228E+01    5.5200000000E+00
    1.4120221347E+01    5.5500000000E+00
    1.4495240920E+01    5.5800000000E+00
    1.4043707076E+01    5.6100000000E+00
    1.3921809971E+01    5.6400000000E+00
    1.3588456458E+01    5.6700000000E+00
    1.3696254870E+01    5.7000000000E+00
    1.3924187307E+01    5.7300000000E+00
    1.3701366533E+01    5.7600000000E+00
    1.4144725990E+01    5.7900000000E+00
    1.3664117844E+01    5.8200000000E+00
    1.3748526447E+01    5.8500000000E+00
    1.3888081241E+01    5.8800000000E+00
    1.3756062010E+01    5.9100000000E+00
    1.3838925097E+01    5.9400000000E+00
    1.3610334598E+01    5.9700000000E+00
    1.3809570483E+01    6.0000000000E+00
    1.3543166341E+01    6.0300000000E+00
    1.3510455857E+01    6.0600000000E+00
    1.3519785769E+01    6.0900000000E+00
    1.3500191616E+01    6.1200000000E+00
    1.3526479252E+01    6.1500000000E+00
    1.3500014092E+01    6.1800000000E+00
