     #     T [K]    \rho(delta_nk) [meV]
    1.5500010943E+01    2.9100000000E+00
    1.5500125861E+01    2.9400000000E+00
    1.5500012400E+01    2.9700000000E+00
    1.5500034340E+01    3.0000000000E+00
    1.5517362563E+01    3.0300000000E+00
    1.5527139483E+01    3.0600000000E+00
    1.5501016493E+01    3.0900000000E+00
    1.5562859970E+01    3.1200000000E+00
    1.5635630242E+01    3.1500000000E+00
    1.5570038706E+01    3.1800000000E+00
    1.5620001821E+01    3.2100000000E+00
    1.5571903665E+01    3.2400000000E+00
    1.5633038805E+01    3.2700000000E+00
    1.5733396847E+01    3.3000000000E+00
    1.5764346508E+01    3.3300000000E+00
    1.5787384369E+01    3.3600000000E+00
    1.5804582459E+01    3.3900000000E+00
    1.5754701954E+01    3.4200000000E+00
    1.5663802447E+01    3.4500000000E+00
    1.5772052981E+01    3.4800000000E+00
    1.5677440448E+01    3.5100000000E+00
    1.5818916967E+01    3.5400000000E+00
    1.5616290189E+01    3.5700000000E+00
    1.5756907270E+01    3.6000000000E+00
    1.5668370789E+01    3.6300000000E+00
    1.5761772637E+01    3.6600000000E+00
    1.5805638429E+01    3.6900000000E+00
    1.5906996987E+01    3.7200000000E+00
    1.6031720501E+01    3.7500000000E+00
    1.5714125968E+01    3.7800000000E+00
    1.6230997972E+01    3.8100000000E+00
    1.5851688663E+01    3.8400000000E+00
    1.6002644363E+01    3.8700000000E+00
    1.5808949058E+01    3.9000000000E+00
    1.6049566356E+01    3.9300000000E+00
    1.6106715331E+01    3.9600000000E+00
    1.5809184855E+01    3.9900000000E+00
    1.6117339904E+01    4.0200000000E+00
    1.5855348764E+01    4.0500000000E+00
    1.5880676237E+01    4.0800000000E+00
    1.6207826026E+01    4.1100000000E+00
    1.5985216132E+01    4.1400000000E+00
    1.5901058693E+01    4.1700000000E+00
    1.6133982563E+01    4.2000000000E+00
    1.6023341799E+01    4.2300000000E+00
    1.6014588410E+01    4.2600000000E+00
    1.6174783354E+01    4.2900000000E+00
    1.6135207606E+01    4.3200000000E+00
    1.5640689967E+01    4.3500000000E+00
    1.5778622766E+01    4.3800000000E+00
    1.5640848358E+01    4.4100000000E+00
    1.5734062543E+01    4.4400000000E+00
    1.5810630657E+01    4.4700000000E+00
    1.6048809283E+01    4.5000000000E+00
    1.5866369691E+01    4.5300000000E+00
    1.5794722867E+01    4.5600000000E+00
    1.5860087176E+01    4.5900000000E+00
    1.5931224111E+01    4.6200000000E+00
    1.6071620322E+01    4.6500000000E+00
    1.6224434900E+01    4.6800000000E+00
    1.6216075316E+01    4.7100000000E+00
    1.5822530062E+01    4.7400000000E+00
    1.6181606269E+01    4.7700000000E+00
    1.6080482472E+01    4.8000000000E+00
    1.5995488405E+01    4.8300000000E+00
    1.5947515979E+01    4.8600000000E+00
    1.5815747743E+01    4.8900000000E+00
    1.5972159727E+01    4.9200000000E+00
    1.5781451562E+01    4.9500000000E+00
    1.5915987892E+01    4.9800000000E+00
    1.6312564740E+01    5.0100000000E+00
    1.6000599528E+01    5.0400000000E+00
    1.6142068887E+01    5.0700000000E+00
    1.6251074850E+01    5.1000000000E+00
    1.6142563048E+01    5.1300000000E+00
    1.5959654959E+01    5.1600000000E+00
    1.5635298728E+01    5.1900000000E+00
    1.5620492377E+01    5.2200000000E+00
    1.6096069935E+01    5.2500000000E+00
    1.6077046577E+01    5.2800000000E+00
    1.6415561300E+01    5.3100000000E+00
    1.5850828039E+01    5.3400000000E+00
    1.5849987324E+01    5.3700000000E+00
    1.6034595925E+01    5.4000000000E+00
    1.5798780974E+01    5.4300000000E+00
    1.6500000000E+01    5.4600000000E+00
    1.5827966420E+01    5.4900000000E+00
    1.5921533831E+01    5.5200000000E+00
    1.5678703749E+01    5.5500000000E+00
    1.5547095324E+01    5.5800000000E+00
    1.5789078037E+01    5.6100000000E+00
    1.5843363265E+01    5.6400000000E+00
    1.5912766436E+01    5.6700000000E+00
    1.5654049829E+01    5.7000000000E+00
    1.5824394135E+01    5.7300000000E+00
    1.5824022335E+01    5.7600000000E+00
    1.5710081118E+01    5.7900000000E+00
    1.5823257557E+01    5.8200000000E+00
    1.5555198752E+01    5.8500000000E+00
    1.5701688911E+01    5.8800000000E+00
    1.5593183006E+01    5.9100000000E+00
    1.5505739358E+01    5.9400000000E+00
    1.5519510412E+01    5.9700000000E+00
    1.5500159987E+01    6.0000000000E+00
    1.5522108436E+01    6.0300000000E+00
    1.5500011766E+01    6.0600000000E+00
