     #     T [K]    \rho(delta_nk) [meV]
    1.6500005503E+01    2.8200000000E+00
    1.6500006624E+01    2.8500000000E+00
    1.6500132656E+01    2.8800000000E+00
    1.6500013124E+01    2.9100000000E+00
    1.6511813231E+01    2.9400000000E+00
    1.6524038710E+01    2.9700000000E+00
    1.6512260771E+01    3.0000000000E+00
    1.6537573585E+01    3.0300000000E+00
    1.6637313414E+01    3.0600000000E+00
    1.6569691629E+01    3.0900000000E+00
    1.6583380387E+01    3.1200000000E+00
    1.6602370282E+01    3.1500000000E+00
    1.6682804653E+01    3.1800000000E+00
    1.6711780257E+01    3.2100000000E+00
    1.6823116074E+01    3.2400000000E+00
    1.6637123357E+01    3.2700000000E+00
    1.6801442962E+01    3.3000000000E+00
    1.6890890319E+01    3.3300000000E+00
    1.6687237130E+01    3.3600000000E+00
    1.6671517777E+01    3.3900000000E+00
    1.6849020027E+01    3.4200000000E+00
    1.6662594721E+01    3.4500000000E+00
    1.6769604028E+01    3.4800000000E+00
    1.6708589515E+01    3.5100000000E+00
    1.6691975417E+01    3.5400000000E+00
    1.6698453130E+01    3.5700000000E+00
    1.6697284704E+01    3.6000000000E+00
    1.6947340341E+01    3.6300000000E+00
    1.6929437824E+01    3.6600000000E+00
    1.6874883147E+01    3.6900000000E+00
    1.7129752715E+01    3.7200000000E+00
    1.6881381288E+01    3.7500000000E+00
    1.7103529733E+01    3.7800000000E+00
    1.6917085720E+01    3.8100000000E+00
    1.6923389972E+01    3.8400000000E+00
    1.7079605794E+01    3.8700000000E+00
    1.7062712601E+01    3.9000000000E+00
    1.7063768577E+01    3.9300000000E+00
    1.6851860893E+01    3.9600000000E+00
    1.6833920307E+01    3.9900000000E+00
    1.7121622796E+01    4.0200000000E+00
    1.7145047388E+01    4.0500000000E+00
    1.7104644572E+01    4.0800000000E+00
    1.7067125363E+01    4.1100000000E+00
    1.6842588084E+01    4.1400000000E+00
    1.7110215196E+01    4.1700000000E+00
    1.7006714170E+01    4.2000000000E+00
    1.7500000000E+01    4.2300000000E+00
    1.7017601570E+01    4.2600000000E+00
    1.6649441834E+01    4.2900000000E+00
    1.6707995613E+01    4.3200000000E+00
    1.6781028950E+01    4.3500000000E+00
    1.6992490918E+01    4.3800000000E+00
    1.7155129888E+01    4.4100000000E+00
    1.6666268218E+01    4.4400000000E+00
    1.6798897550E+01    4.4700000000E+00
    1.6900531580E+01    4.5000000000E+00
    1.6979694182E+01    4.5300000000E+00
    1.7140759273E+01    4.5600000000E+00
    1.7049627211E+01    4.5900000000E+00
    1.7232122555E+01    4.6200000000E+00
    1.7243482979E+01    4.6500000000E+00
    1.6847112162E+01    4.6800000000E+00
    1.7335550174E+01    4.7100000000E+00
    1.7039705755E+01    4.7400000000E+00
    1.6898302410E+01    4.7700000000E+00
    1.7179191647E+01    4.8000000000E+00
    1.6711514550E+01    4.8300000000E+00
    1.6685053988E+01    4.8600000000E+00
    1.6838115281E+01    4.8900000000E+00
    1.7319635281E+01    4.9200000000E+00
    1.7164257084E+01    4.9500000000E+00
    1.7045188819E+01    4.9800000000E+00
    1.7035387717E+01    5.0100000000E+00
    1.7331958718E+01    5.0400000000E+00
    1.7049512355E+01    5.0700000000E+00
    1.6825273297E+01    5.1000000000E+00
    1.6665120168E+01    5.1300000000E+00
    1.6657130915E+01    5.1600000000E+00
    1.7248882421E+01    5.1900000000E+00
    1.7085709767E+01    5.2200000000E+00
    1.7424438346E+01    5.2500000000E+00
    1.6792783640E+01    5.2800000000E+00
    1.7027126920E+01    5.3100000000E+00
    1.6866423739E+01    5.3400000000E+00
    1.7172289717E+01    5.3700000000E+00
    1.7163031399E+01    5.4000000000E+00
    1.7018968451E+01    5.4300000000E+00
    1.6804885706E+01    5.4600000000E+00
    1.6693528842E+01    5.4900000000E+00
    1.6752283216E+01    5.5200000000E+00
    1.6772901189E+01    5.5500000000E+00
    1.6801408908E+01    5.5800000000E+00
    1.6921754676E+01    5.6100000000E+00
    1.6794907493E+01    5.6400000000E+00
    1.6724278199E+01    5.6700000000E+00
    1.6759593220E+01    5.7000000000E+00
    1.6837108697E+01    5.7300000000E+00
    1.6656180100E+01    5.7600000000E+00
    1.6698015968E+01    5.7900000000E+00
    1.6654937063E+01    5.8200000000E+00
    1.6523532338E+01    5.8500000000E+00
    1.6514325070E+01    5.8800000000E+00
    1.6506454872E+01    5.9100000000E+00
    1.6523395440E+01    5.9400000000E+00
    1.6500052606E+01    5.9700000000E+00
