     #     T [K]    \rho(delta_nk) [meV]
    2.8000007726E+01    1.4100000000E+00
    2.8000009090E+01    1.4400000000E+00
    2.8000112773E+01    1.4700000000E+00
    2.8031431979E+01    1.5000000000E+00
    2.8134588994E+01    1.5300000000E+00
    2.8090669850E+01    1.5600000000E+00
    2.8153530688E+01    1.5900000000E+00
    2.8245627884E+01    1.6200000000E+00
    2.8287444942E+01    1.6500000000E+00
    2.8428632665E+01    1.6800000000E+00
    2.8308556636E+01    1.7100000000E+00
    2.8245443976E+01    1.7400000000E+00
    2.8211868600E+01    1.7700000000E+00
    2.8304996219E+01    1.8000000000E+00
    2.8106131076E+01    1.8300000000E+00
    2.8358697051E+01    1.8600000000E+00
    2.8475652142E+01    1.8900000000E+00
    2.8541493248E+01    1.9200000000E+00
    2.8618690867E+01    1.9500000000E+00
    2.8530164058E+01    1.9800000000E+00
    2.8612762860E+01    2.0100000000E+00
    2.8662882258E+01    2.0400000000E+00
    2.8701300956E+01    2.0700000000E+00
    2.8478989121E+01    2.1000000000E+00
    2.8517666601E+01    2.1300000000E+00
    2.8790757048E+01    2.1600000000E+00
    2.8578855578E+01    2.1900000000E+00
    2.8686040464E+01    2.2200000000E+00
    2.9000000000E+01    2.2500000000E+00
    2.8741184046E+01    2.2800000000E+00
    2.8602082517E+01    2.3100000000E+00
    2.8416389844E+01    2.3400000000E+00
    2.8614282165E+01    2.3700000000E+00
    2.8446857775E+01    2.4000000000E+00
    2.8540726411E+01    2.4300000000E+00
    2.8533714811E+01    2.4600000000E+00
    2.8696234701E+01    2.4900000000E+00
    2.8409227026E+01    2.5200000000E+00
    2.8815654636E+01    2.5500000000E+00
    2.8270897022E+01    2.5800000000E+00
    2.8403298513E+01    2.6100000000E+00
    2.8348952638E+01    2.6400000000E+00
    2.8797563779E+01    2.6700000000E+00
    2.8429128556E+01    2.7000000000E+00
    2.8484884675E+01    2.7300000000E+00
    2.8643011731E+01    2.7600000000E+00
    2.8742100986E+01    2.7900000000E+00
    2.8869092222E+01    2.8200000000E+00
    2.8683521426E+01    2.8500000000E+00
    2.8485984831E+01    2.8800000000E+00
    2.8367938893E+01    2.9100000000E+00
    2.8422813277E+01    2.9400000000E+00
    2.8436062452E+01    2.9700000000E+00
    2.8287615613E+01    3.0000000000E+00
    2.8323753689E+01    3.0300000000E+00
    2.8360463778E+01    3.0600000000E+00
    2.8120893470E+01    3.0900000000E+00
    2.8027478369E+01    3.1200000000E+00
    2.8019958833E+01    3.1500000000E+00
    2.8000064554E+01    3.1800000000E+00
