     #     T [K]    \rho(delta_nk) [meV]
    2.4000010900E+01    1.8900000000E+00
    2.4000000514E+01    1.9200000000E+00
    2.4000046528E+01    1.9500000000E+00
    2.4000157470E+01    1.9800000000E+00
    2.4033792603E+01    2.0100000000E+00
    2.4141932023E+01    2.0400000000E+00
    2.4059133540E+01    2.0700000000E+00
    2.4118016883E+01    2.1000000000E+00
    2.4117930292E+01    2.1300000000E+00
    2.4247394945E+01    2.1600000000E+00
    2.4180414181E+01    2.1900000000E+00
    2.4200723495E+01    2.2200000000E+00
    2.4211419975E+01    2.2500000000E+00
    2.4218092728E+01    2.2800000000E+00
    2.4248162068E+01    2.3100000000E+00
    2.4232159415E+01    2.3400000000E+00
    2.4274627975E+01    2.3700000000E+00
    2.4294390421E+01    2.4000000000E+00
    2.4265432420E+01    2.4300000000E+00
    2.4393026332E+01    2.4600000000E+00
    2.4383976595E+01    2.4900000000E+00
    2.4210443374E+01    2.5200000000E+00
    2.4295952442E+01    2.5500000000E+00
    2.4492097145E+01    2.5800000000E+00
    2.4114490554E+01    2.6100000000E+00
    2.4415603335E+01    2.6400000000E+00
    2.4238564816E+01    2.6700000000E+00
    2.4209348335E+01    2.7000000000E+00
    2.4370827630E+01    2.7300000000E+00
    2.4347408857E+01    2.7600000000E+00
    2.4251008094E+01    2.7900000000E+00
    2.4366891998E+01    2.8200000000E+00
    2.4384603811E+01    2.8500000000E+00
    2.4691036645E+01    2.8800000000E+00
    2.4482885350E+01    2.9100000000E+00
    2.4627205911E+01    2.9400000000E+00
    2.4821751297E+01    2.9700000000E+00
    2.4374593463E+01    3.0000000000E+00
    2.4860997596E+01    3.0300000000E+00
    2.4612000141E+01    3.0600000000E+00
    2.4413883227E+01    3.0900000000E+00
    2.4629103664E+01    3.1200000000E+00
    2.4575576682E+01    3.1500000000E+00
    2.4853210814E+01    3.1800000000E+00
    2.4542259232E+01    3.2100000000E+00
    2.4518992636E+01    3.2400000000E+00
    2.5000000000E+01    3.2700000000E+00
    2.4753850036E+01    3.3000000000E+00
    2.4419013793E+01    3.3300000000E+00
    2.4506457464E+01    3.3600000000E+00
    2.4739699217E+01    3.3900000000E+00
    2.4670454016E+01    3.4200000000E+00
    2.4452881439E+01    3.4500000000E+00
    2.4296676610E+01    3.4800000000E+00
    2.4461871243E+01    3.5100000000E+00
    2.4321180418E+01    3.5400000000E+00
    2.4123179110E+01    3.5700000000E+00
    2.4231470712E+01    3.6000000000E+00
    2.4423850537E+01    3.6300000000E+00
    2.4355449868E+01    3.6600000000E+00
    2.4285270761E+01    3.6900000000E+00
    2.4258038078E+01    3.7200000000E+00
    2.4413873217E+01    3.7500000000E+00
    2.4195243560E+01    3.7800000000E+00
    2.4172518329E+01    3.8100000000E+00
    2.4589401800E+01    3.8400000000E+00
    2.4350606448E+01    3.8700000000E+00
    2.4071433614E+01    3.9000000000E+00
    2.4311845151E+01    3.9300000000E+00
    2.4337332931E+01    3.9600000000E+00
    2.4175202406E+01    3.9900000000E+00
    2.4737027233E+01    4.0200000000E+00
    2.4599795203E+01    4.0500000000E+00
    2.4401081342E+01    4.0800000000E+00
    2.4433123678E+01    4.1100000000E+00
    2.4325487885E+01    4.1400000000E+00
    2.4633639022E+01    4.1700000000E+00
    2.4561123767E+01    4.2000000000E+00
    2.4901571038E+01    4.2300000000E+00
    2.4441992793E+01    4.2600000000E+00
    2.4969439214E+01    4.2900000000E+00
    2.4438598701E+01    4.3200000000E+00
    2.4629482095E+01    4.3500000000E+00
    2.4357784480E+01    4.3800000000E+00
    2.4384781378E+01    4.4100000000E+00
    2.4368898370E+01    4.4400000000E+00
    2.4393109211E+01    4.4700000000E+00
    2.4341016797E+01    4.5000000000E+00
    2.4441578574E+01    4.5300000000E+00
    2.4230434063E+01    4.5600000000E+00
    2.4183765676E+01    4.5900000000E+00
    2.4352642121E+01    4.6200000000E+00
    2.4191809478E+01    4.6500000000E+00
    2.4193109500E+01    4.6800000000E+00
    2.4092923521E+01    4.7100000000E+00
    2.4024811607E+01    4.7400000000E+00
    2.4008972150E+01    4.7700000000E+00
    2.4022102117E+01    4.8000000000E+00
    2.4000049514E+01    4.8300000000E+00
