     #     T [K]    \rho(delta_nk) [meV]
    5.0000162071E-01    3.1200000000E+00
    5.0013006211E-01    3.1500000000E+00
    5.0000634039E-01    3.1800000000E+00
    5.0001269442E-01    3.2100000000E+00
    5.0003637424E-01    3.2400000000E+00
    5.1752171247E-01    3.2700000000E+00
    5.2727454708E-01    3.3000000000E+00
    5.0103578049E-01    3.3300000000E+00
    5.2981486582E-01    3.3600000000E+00
    5.7780329385E-01    3.3900000000E+00
    6.6239596913E-01    3.4200000000E+00
    5.5404880198E-01    3.4500000000E+00
    5.9051468131E-01    3.4800000000E+00
    7.1598412199E-01    3.5100000000E+00
    6.8361671132E-01    3.5400000000E+00
    7.0170690881E-01    3.5700000000E+00
    7.6238482515E-01    3.6000000000E+00
    9.5461989476E-01    3.6300000000E+00
    6.3287527227E-01    3.6600000000E+00
    8.2019245204E-01    3.6900000000E+00
    7.7184544550E-01    3.7200000000E+00
    6.5521297237E-01    3.7500000000E+00
    7.2806620824E-01    3.7800000000E+00
    7.1868155775E-01    3.8100000000E+00
    9.6628656302E-01    3.8400000000E+00
    8.7791272879E-01    3.8700000000E+00
    8.7114236365E-01    3.9000000000E+00
    7.7538967944E-01    3.9300000000E+00
    8.0136560290E-01    3.9600000000E+00
    9.4037881611E-01    3.9900000000E+00
    9.0739532738E-01    4.0200000000E+00
    8.5306978045E-01    4.0500000000E+00
    1.1716488448E+00    4.0800000000E+00
    1.1601707785E+00    4.1100000000E+00
    7.7593587403E-01    4.1400000000E+00
    8.6088182940E-01    4.1700000000E+00
    1.0734157295E+00    4.2000000000E+00
    9.8853133290E-01    4.2300000000E+00
    9.7319476240E-01    4.2600000000E+00
    8.0916235589E-01    4.2900000000E+00
    9.5005163967E-01    4.3200000000E+00
    1.1958925516E+00    4.3500000000E+00
    9.2906437551E-01    4.3800000000E+00
    1.1758143679E+00    4.4100000000E+00
    1.1315210585E+00    4.4400000000E+00
    1.0042381810E+00    4.4700000000E+00
    9.3646583981E-01    4.5000000000E+00
    8.0124733931E-01    4.5300000000E+00
    7.9604958452E-01    4.5600000000E+00
    8.4239528039E-01    4.5900000000E+00
    7.9661464754E-01    4.6200000000E+00
    7.8592638985E-01    4.6500000000E+00
    6.1569033479E-01    4.6800000000E+00
    8.2685759718E-01    4.7100000000E+00
    6.5365640803E-01    4.7400000000E+00
    7.5258590760E-01    4.7700000000E+00
    9.7489704647E-01    4.8000000000E+00
    9.6657858637E-01    4.8300000000E+00
    1.1117453801E+00    4.8600000000E+00
    1.0975724404E+00    4.8900000000E+00
    9.0452840056E-01    4.9200000000E+00
    1.0008431746E+00    4.9500000000E+00
    1.0491269717E+00    4.9800000000E+00
    1.0252132616E+00    5.0100000000E+00
    1.1720785300E+00    5.0400000000E+00
    7.7304013468E-01    5.0700000000E+00
    8.4381177294E-01    5.1000000000E+00
    6.6362535088E-01    5.1300000000E+00
    1.1985010686E+00    5.1600000000E+00
    1.1264274661E+00    5.1900000000E+00
    1.1278130717E+00    5.2200000000E+00
    1.4039420460E+00    5.2500000000E+00
    1.0466748890E+00    5.2800000000E+00
    1.1974850992E+00    5.3100000000E+00
    1.1093772640E+00    5.3400000000E+00
    9.8017149988E-01    5.3700000000E+00
    8.6769744112E-01    5.4000000000E+00
    8.4346475723E-01    5.4300000000E+00
    1.4280069115E+00    5.4600000000E+00
    1.0154475902E+00    5.4900000000E+00
    1.3931589895E+00    5.5200000000E+00
    7.4025324297E-01    5.5500000000E+00
    9.9033043877E-01    5.5800000000E+00
    8.6750437875E-01    5.6100000000E+00
    9.9756876467E-01    5.6400000000E+00
    1.5000000000E+00    5.6700000000E+00
    9.3181009982E-01    5.7000000000E+00
    8.7642178307E-01    5.7300000000E+00
    6.7004848959E-01    5.7600000000E+00
    6.2676005064E-01    5.7900000000E+00
    7.1239200828E-01    5.8200000000E+00
    8.0025538085E-01    5.8500000000E+00
    7.8704966041E-01    5.8800000000E+00
    8.9623472103E-01    5.9100000000E+00
    7.5509506601E-01    5.9400000000E+00
    6.9292709396E-01    5.9700000000E+00
    8.4979100647E-01    6.0000000000E+00
    7.8812645150E-01    6.0300000000E+00
    5.8624282172E-01    6.0600000000E+00
    7.1008358661E-01    6.0900000000E+00
    5.8996230432E-01    6.1200000000E+00
    5.2219775501E-01    6.1500000000E+00
    5.1968428747E-01    6.1800000000E+00
    5.0016141245E-01    6.2100000000E+00
    5.2229508562E-01    6.2400000000E+00
    5.0002224916E-01    6.2700000000E+00
