     #     T [K]    \rho(delta_nk) [meV]
    2.1000005266E+01    2.4000000000E+00
    2.1000005816E+01    2.4300000000E+00
    2.1000000537E+01    2.4600000000E+00
    2.1000137867E+01    2.4900000000E+00
    2.1017619151E+01    2.5200000000E+00
    2.1027377309E+01    2.5500000000E+00
    2.1001140613E+01    2.5800000000E+00
    2.1160278230E+01    2.6100000000E+00
    2.1039476411E+01    2.6400000000E+00
    2.1044586695E+01    2.6700000000E+00
    2.1140891416E+01    2.7000000000E+00
    2.1199410652E+01    2.7300000000E+00
    2.1176888965E+01    2.7600000000E+00
    2.1315078024E+01    2.7900000000E+00
    2.1223472830E+01    2.8200000000E+00
    2.1195018635E+01    2.8500000000E+00
    2.1367550479E+01    2.8800000000E+00
    2.1320111101E+01    2.9100000000E+00
    2.1111047284E+01    2.9400000000E+00
    2.1357026237E+01    2.9700000000E+00
    2.1161863798E+01    3.0000000000E+00
    2.1193617735E+01    3.0300000000E+00
    2.1243628442E+01    3.0600000000E+00
    2.1136155913E+01    3.0900000000E+00
    2.1274199022E+01    3.1200000000E+00
    2.1183821798E+01    3.1500000000E+00
    2.1337095050E+01    3.1800000000E+00
    2.1363587207E+01    3.2100000000E+00
    2.1382013426E+01    3.2400000000E+00
    2.1352868052E+01    3.2700000000E+00
    2.1525201977E+01    3.3000000000E+00
    2.1444777578E+01    3.3300000000E+00
    2.1528596297E+01    3.3600000000E+00
    2.1393751685E+01    3.3900000000E+00
    2.1613321134E+01    3.4200000000E+00
    2.1323020130E+01    3.4500000000E+00
    2.1388767531E+01    3.4800000000E+00
    2.1920813741E+01    3.5100000000E+00
    2.1573595783E+01    3.5400000000E+00
    2.1410840653E+01    3.5700000000E+00
    2.1439550076E+01    3.6000000000E+00
    2.1537422998E+01    3.6300000000E+00
    2.1490498163E+01    3.6600000000E+00
    2.1715778816E+01    3.6900000000E+00
    2.1495008078E+01    3.7200000000E+00
    2.1374671380E+01    3.7500000000E+00
    2.2000000000E+01    3.7800000000E+00
    2.1414259339E+01    3.8100000000E+00
    2.1976255951E+01    3.8400000000E+00
    2.1596155385E+01    3.8700000000E+00
    2.1309634130E+01    3.9000000000E+00
    2.1589771997E+01    3.9300000000E+00
    2.1214956946E+01    3.9600000000E+00
    2.1573863695E+01    3.9900000000E+00
    2.1590481432E+01    4.0200000000E+00
    2.1685831642E+01    4.0500000000E+00
    2.1339083063E+01    4.0800000000E+00
    2.1426092046E+01    4.1100000000E+00
    2.1400244765E+01    4.1400000000E+00
    2.1472216998E+01    4.1700000000E+00
    2.1688022898E+01    4.2000000000E+00
    2.1392917008E+01    4.2300000000E+00
    2.1145519068E+01    4.2600000000E+00
    2.1852639899E+01    4.2900000000E+00
    2.1707845273E+01    4.3200000000E+00
    2.1364720728E+01    4.3500000000E+00
    2.1222398913E+01    4.3800000000E+00
    2.1277167085E+01    4.4100000000E+00
    2.1204759078E+01    4.4400000000E+00
    2.1515732670E+01    4.4700000000E+00
    2.1338510386E+01    4.5000000000E+00
    2.1525346042E+01    4.5300000000E+00
    2.1694545080E+01    4.5600000000E+00
    2.1399006866E+01    4.5900000000E+00
    2.1451843254E+01    4.6200000000E+00
    2.1228034082E+01    4.6500000000E+00
    2.1170203550E+01    4.6800000000E+00
    2.1857491356E+01    4.7100000000E+00
    2.1592234429E+01    4.7400000000E+00
    2.1682247069E+01    4.7700000000E+00
    2.1321707768E+01    4.8000000000E+00
    2.1670021809E+01    4.8300000000E+00
    2.1709827295E+01    4.8600000000E+00
    2.1494274613E+01    4.8900000000E+00
    2.1488463785E+01    4.9200000000E+00
    2.1381653776E+01    4.9500000000E+00
    2.1261210291E+01    4.9800000000E+00
    2.1320982220E+01    5.0100000000E+00
    2.1271530647E+01    5.0400000000E+00
    2.1398865883E+01    5.0700000000E+00
    2.1318057043E+01    5.1000000000E+00
    2.1234162022E+01    5.1300000000E+00
    2.1264312167E+01    5.1600000000E+00
    2.1237217946E+01    5.1900000000E+00
    2.1368011055E+01    5.2200000000E+00
    2.1036358228E+01    5.2500000000E+00
    2.1263874473E+01    5.2800000000E+00
    2.1009966255E+01    5.3100000000E+00
    2.1025550308E+01    5.3400000000E+00
    2.1000125946E+01    5.3700000000E+00
    2.1022389040E+01    5.4000000000E+00
    2.1000050343E+01    5.4300000000E+00
