     #     T [K]    \rho(delta_nk) [meV]
    1.7500005847E+01    2.7600000000E+00
    1.7500007038E+01    2.7900000000E+00
    1.7500154824E+01    2.8200000000E+00
    1.7519559870E+01    2.8800000000E+00
    1.7530397193E+01    2.9100000000E+00
    1.7501161838E+01    2.9400000000E+00
    1.7540188785E+01    2.9700000000E+00
    1.7680938574E+01    3.0000000000E+00
    1.7563069194E+01    3.0300000000E+00
    1.7641412829E+01    3.0600000000E+00
    1.7590817969E+01    3.0900000000E+00
    1.7648515341E+01    3.1200000000E+00
    1.7809901658E+01    3.1500000000E+00
    1.7748572127E+01    3.1800000000E+00
    1.7779926506E+01    3.2100000000E+00
    1.7794352183E+01    3.2400000000E+00
    1.7804883584E+01    3.2700000000E+00
    1.7821726739E+01    3.3000000000E+00
    1.7724736786E+01    3.3300000000E+00
    1.7711179507E+01    3.3600000000E+00
    1.7748904330E+01    3.3900000000E+00
    1.7703144559E+01    3.4200000000E+00
    1.7763260687E+01    3.4500000000E+00
    1.7714850326E+01    3.4800000000E+00
    1.7719305595E+01    3.5100000000E+00
    1.7694218662E+01    3.5400000000E+00
    1.7930896914E+01    3.5700000000E+00
    1.7968598562E+01    3.6000000000E+00
    1.8315380593E+01    3.6300000000E+00
    1.7910537716E+01    3.6600000000E+00
    1.7856716540E+01    3.6900000000E+00
    1.8154013774E+01    3.7200000000E+00
    1.7979671169E+01    3.7500000000E+00
    1.7993739953E+01    3.7800000000E+00
    1.8026523482E+01    3.8100000000E+00
    1.8251201815E+01    3.8400000000E+00
    1.7878677121E+01    3.8700000000E+00
    1.7825935937E+01    3.9000000000E+00
    1.8188158507E+01    3.9300000000E+00
    1.8146735596E+01    3.9600000000E+00
    1.8102854050E+01    3.9900000000E+00
    1.8142818125E+01    4.0200000000E+00
    1.7999793103E+01    4.0500000000E+00
    1.7842367877E+01    4.0800000000E+00
    1.8325223654E+01    4.1100000000E+00
    1.8500000000E+01    4.1400000000E+00
    1.7896473571E+01    4.1700000000E+00
    1.8022663029E+01    4.2000000000E+00
    1.7671412850E+01    4.2300000000E+00
    1.7891129638E+01    4.2600000000E+00
    1.8034587998E+01    4.2900000000E+00
    1.8151631883E+01    4.3200000000E+00
    1.7617872149E+01    4.3500000000E+00
    1.7929356824E+01    4.3800000000E+00
    1.7897293739E+01    4.4100000000E+00
    1.8010636800E+01    4.4400000000E+00
    1.8004651225E+01    4.4700000000E+00
    1.8124736304E+01    4.5000000000E+00
    1.8328598256E+01    4.5300000000E+00
    1.8292293565E+01    4.5600000000E+00
    1.7971057218E+01    4.5900000000E+00
    1.8060010129E+01    4.6200000000E+00
    1.8259506637E+01    4.6500000000E+00
    1.8012937198E+01    4.6800000000E+00
    1.8281199299E+01    4.7100000000E+00
    1.7641954069E+01    4.7400000000E+00
    1.7860002702E+01    4.7700000000E+00
    1.7817973798E+01    4.8000000000E+00
    1.8306218539E+01    4.8300000000E+00
    1.7944485328E+01    4.8600000000E+00
    1.8077865397E+01    4.8900000000E+00
    1.8228267216E+01    4.9200000000E+00
    1.8288481794E+01    4.9500000000E+00
    1.8097539972E+01    4.9800000000E+00
    1.7919521007E+01    5.0100000000E+00
    1.7867968154E+01    5.0400000000E+00
    1.7579657535E+01    5.0700000000E+00
    1.8101567539E+01    5.1000000000E+00
    1.8331583742E+01    5.1300000000E+00
    1.8458053885E+01    5.1600000000E+00
    1.7818586763E+01    5.1900000000E+00
    1.7848729114E+01    5.2200000000E+00
    1.8101009324E+01    5.2500000000E+00
    1.8203897275E+01    5.2800000000E+00
    1.8271754914E+01    5.3100000000E+00
    1.7958638771E+01    5.3400000000E+00
    1.7916633632E+01    5.3700000000E+00
    1.7655201385E+01    5.4000000000E+00
    1.7731846232E+01    5.4300000000E+00
    1.7819006014E+01    5.4600000000E+00
    1.7791615207E+01    5.4900000000E+00
    1.8034377517E+01    5.5200000000E+00
    1.7728882926E+01    5.5500000000E+00
    1.7741498792E+01    5.5800000000E+00
    1.7857057053E+01    5.6100000000E+00
    1.7835249802E+01    5.6400000000E+00
    1.7688860777E+01    5.6700000000E+00
    1.7630900100E+01    5.7000000000E+00
    1.7744106222E+01    5.7300000000E+00
    1.7524773220E+01    5.7600000000E+00
    1.7515449604E+01    5.7900000000E+00
    1.7506858187E+01    5.8200000000E+00
    1.7524857239E+01    5.8500000000E+00
    1.7500055893E+01    5.8800000000E+00
