     #     T [K]    \rho(delta_nk) [meV]
    1.0000068849E+00    3.1200000000E+00
    1.0001314732E+00    3.1500000000E+00
    1.0000125423E+00    3.2100000000E+00
    1.0000367917E+00    3.2400000000E+00
    1.0176018733E+00    3.2700000000E+00
    1.0274146710E+00    3.3000000000E+00
    1.0010300288E+00    3.3300000000E+00
    1.0652446950E+00    3.3600000000E+00
    1.1461486559E+00    3.3900000000E+00
    1.0595637172E+00    3.4200000000E+00
    1.0556940717E+00    3.4500000000E+00
    1.0890135247E+00    3.4800000000E+00
    1.2877238760E+00    3.5100000000E+00
    1.1789198726E+00    3.5400000000E+00
    1.2417197580E+00    3.5700000000E+00
    1.2772216887E+00    3.6000000000E+00
    1.3669418420E+00    3.6300000000E+00
    1.0919554439E+00    3.6600000000E+00
    1.3409515051E+00    3.6900000000E+00
    1.3223152108E+00    3.7200000000E+00
    1.0917160139E+00    3.7500000000E+00
    1.2072651212E+00    3.7800000000E+00
    1.1729704184E+00    3.8100000000E+00
    1.4004736298E+00    3.8400000000E+00
    1.3564068076E+00    3.8700000000E+00
    1.4165333502E+00    3.9000000000E+00
    1.3417576182E+00    3.9300000000E+00
    1.1575497249E+00    3.9600000000E+00
    1.5929565981E+00    3.9900000000E+00
    1.3124251497E+00    4.0200000000E+00
    1.3993845998E+00    4.0500000000E+00
    1.4481801188E+00    4.0800000000E+00
    1.7547574771E+00    4.1100000000E+00
    1.4663171996E+00    4.1400000000E+00
    1.3441920827E+00    4.1700000000E+00
    1.3179330721E+00    4.2000000000E+00
    1.6627053858E+00    4.2300000000E+00
    1.3832647556E+00    4.2600000000E+00
    1.4041548583E+00    4.2900000000E+00
    1.4320543060E+00    4.3200000000E+00
    1.5373494781E+00    4.3500000000E+00
    1.6956635642E+00    4.3800000000E+00
    1.3247431868E+00    4.4100000000E+00
    1.7014642491E+00    4.4400000000E+00
    1.6305617399E+00    4.4700000000E+00
    1.5286323522E+00    4.5000000000E+00
    1.3472007346E+00    4.5300000000E+00
    1.3953741479E+00    4.5600000000E+00
    1.2635212554E+00    4.5900000000E+00
    1.3682400711E+00    4.6200000000E+00
    1.0764364903E+00    4.6500000000E+00
    1.2442841980E+00    4.6800000000E+00
    1.2172028864E+00    4.7100000000E+00
    1.2833695211E+00    4.7400000000E+00
    1.1112048451E+00    4.7700000000E+00
    1.4711776605E+00    4.8000000000E+00
    1.5420586984E+00    4.8300000000E+00
    1.7040568954E+00    4.8600000000E+00
    1.5157512812E+00    4.8900000000E+00
    1.1760738467E+00    4.9200000000E+00
    1.6954125911E+00    4.9500000000E+00
    1.5117788101E+00    4.9800000000E+00
    1.7770259689E+00    5.0100000000E+00
    1.6529593332E+00    5.0400000000E+00
    1.2096782966E+00    5.0700000000E+00
    1.2426055010E+00    5.1000000000E+00
    1.3237785101E+00    5.1300000000E+00
    1.4518977728E+00    5.1600000000E+00
    1.5133295326E+00    5.1900000000E+00
    1.9467674845E+00    5.2200000000E+00
    1.3781468994E+00    5.2500000000E+00
    1.6267497185E+00    5.2800000000E+00
    1.7831565660E+00    5.3100000000E+00
    1.6620027777E+00    5.3400000000E+00
    1.7960047838E+00    5.3700000000E+00
    1.3090103160E+00    5.4000000000E+00
    1.1074193733E+00    5.4300000000E+00
    1.5502920950E+00    5.4600000000E+00
    1.5859206541E+00    5.4900000000E+00
    1.5310907966E+00    5.5200000000E+00
    1.7547881509E+00    5.5500000000E+00
    1.5831387985E+00    5.5800000000E+00
    1.3122819691E+00    5.6100000000E+00
    1.4865686477E+00    5.6400000000E+00
    1.2652970946E+00    5.6700000000E+00
    2.0000000000E+00    5.7000000000E+00
    1.4736990233E+00    5.7300000000E+00
    1.4120782045E+00    5.7600000000E+00
    1.2262380428E+00    5.7900000000E+00
    1.1080789101E+00    5.8200000000E+00
    1.1869965716E+00    5.8500000000E+00
    1.3147443668E+00    5.8800000000E+00
    1.3393661498E+00    5.9100000000E+00
    1.3532214878E+00    5.9400000000E+00
    1.2131932505E+00    5.9700000000E+00
    1.2045519618E+00    6.0000000000E+00
    1.3252237422E+00    6.0300000000E+00
    1.2820601846E+00    6.0600000000E+00
    1.1893517635E+00    6.0900000000E+00
    1.0808450546E+00    6.1200000000E+00
    1.2020763218E+00    6.1500000000E+00
    1.0717875798E+00    6.1800000000E+00
    1.0083279547E+00    6.2100000000E+00
    1.0167003867E+00    6.2400000000E+00
    1.0000963580E+00    6.2700000000E+00
    1.0223457408E+00    6.3000000000E+00
    1.0000119014E+00    6.3300000000E+00
