     #     T [K]    \rho(delta_nk) [meV]
    2.7000004510E+01    1.2600000000E+00
    2.7000005429E+01    1.2900000000E+00
    2.7000040504E+01    1.3200000000E+00
    2.7000212292E+01    1.3500000000E+00
    2.7140820595E+01    1.3800000000E+00
    2.7086184843E+01    1.4100000000E+00
    2.7182481707E+01    1.4400000000E+00
    2.7164217367E+01    1.4700000000E+00
    2.7201917943E+01    1.5000000000E+00
    2.7215869267E+01    1.5300000000E+00
    2.7201445331E+01    1.5600000000E+00
    2.7085877428E+01    1.5900000000E+00
    2.7230615768E+01    1.6200000000E+00
    2.7248389501E+01    1.6500000000E+00
    2.7540603088E+01    1.6800000000E+00
    2.7170265081E+01    1.7100000000E+00
    2.7506244429E+01    1.7400000000E+00
    2.7397976042E+01    1.7700000000E+00
    2.7393921290E+01    1.8000000000E+00
    2.7384437336E+01    1.8300000000E+00
    2.7331150412E+01    1.8600000000E+00
    2.7202289766E+01    1.8900000000E+00
    2.7417748456E+01    1.9200000000E+00
    2.7341579830E+01    1.9500000000E+00
    2.7941932393E+01    1.9800000000E+00
    2.7302408270E+01    2.0100000000E+00
    2.7526117093E+01    2.0400000000E+00
    2.7276895806E+01    2.0700000000E+00
    2.7516122552E+01    2.1000000000E+00
    2.7608272700E+01    2.1300000000E+00
    2.7522762035E+01    2.1600000000E+00
    2.7213692691E+01    2.1900000000E+00
    2.7149398885E+01    2.2200000000E+00
    2.7403815044E+01    2.2500000000E+00
    2.7256387105E+01    2.2800000000E+00
    2.7544894366E+01    2.3100000000E+00
    2.7559084620E+01    2.3400000000E+00
    2.7556524221E+01    2.3700000000E+00
    2.7402881887E+01    2.4000000000E+00
    2.7621638878E+01    2.4300000000E+00
    2.7282619422E+01    2.4600000000E+00
    2.7529887665E+01    2.4900000000E+00
    2.7647010750E+01    2.5200000000E+00
    2.7356409379E+01    2.5500000000E+00
    2.7491257362E+01    2.5800000000E+00
    2.7390348881E+01    2.6100000000E+00
    2.7691218826E+01    2.6400000000E+00
    2.7324484615E+01    2.6700000000E+00
    2.7366448989E+01    2.7000000000E+00
    2.7457727618E+01    2.7300000000E+00
    2.7495174263E+01    2.7600000000E+00
    2.7463856805E+01    2.7900000000E+00
    2.7189859859E+01    2.8200000000E+00
    2.7084639366E+01    2.8500000000E+00
    2.7152909969E+01    2.8800000000E+00
    2.7060681774E+01    2.9100000000E+00
    2.7247555126E+01    2.9400000000E+00
    2.7160484112E+01    2.9700000000E+00
    2.7287655388E+01    3.0000000000E+00
    2.7195400991E+01    3.0300000000E+00
    2.7182500293E+01    3.0600000000E+00
    2.7215497791E+01    3.0900000000E+00
    2.7572865090E+01    3.1200000000E+00
    2.7304143790E+01    3.1500000000E+00
    2.7415784182E+01    3.1800000000E+00
    2.7323701353E+01    3.2100000000E+00
    2.7284896056E+01    3.2400000000E+00
    2.7555362515E+01    3.2700000000E+00
    2.7531443667E+01    3.3000000000E+00
    2.7594936932E+01    3.3300000000E+00
    2.7538781381E+01    3.3600000000E+00
    2.7416584581E+01    3.3900000000E+00
    2.8000000000E+01    3.4200000000E+00
    2.7699600073E+01    3.4500000000E+00
    2.7572347562E+01    3.4800000000E+00
    2.7603041237E+01    3.5100000000E+00
    2.7591548538E+01    3.5400000000E+00
    2.7387345527E+01    3.5700000000E+00
    2.7436814728E+01    3.6000000000E+00
    2.7520521158E+01    3.6300000000E+00
    2.7311563966E+01    3.6600000000E+00
    2.7313623616E+01    3.6900000000E+00
    2.7212721669E+01    3.7200000000E+00
    2.7244585462E+01    3.7500000000E+00
    2.7295529613E+01    3.7800000000E+00
    2.7153009952E+01    3.8100000000E+00
    2.7199309944E+01    3.8400000000E+00
    2.7037351889E+01    3.8700000000E+00
    2.7003141808E+01    3.9000000000E+00
    2.7019255546E+01    3.9300000000E+00
    2.7000034193E+01    3.9600000000E+00
