     #     T [K]    \rho(delta_nk) [meV]
    5.0000062266E+00    3.1200000000E+00
    5.0001189128E+00    3.1500000000E+00
    5.0000113158E+00    3.1800000000E+00
    5.0102132319E+00    3.2400000000E+00
    5.0207833919E+00    3.2700000000E+00
    5.0105930635E+00    3.3000000000E+00
    5.0004274116E+00    3.3300000000E+00
    5.0875584434E+00    3.3600000000E+00
    5.1181614328E+00    3.3900000000E+00
    5.0495215029E+00    3.4200000000E+00
    5.1175903279E+00    3.4500000000E+00
    5.0806901458E+00    3.4800000000E+00
    5.2083120866E+00    3.5100000000E+00
    5.1357837564E+00    3.5400000000E+00
    5.2955145458E+00    3.5700000000E+00
    5.2958919100E+00    3.6000000000E+00
    5.2097666509E+00    3.6300000000E+00
    5.2364578437E+00    3.6600000000E+00
    5.1813530354E+00    3.6900000000E+00
    5.3100936104E+00    3.7200000000E+00
    5.0810942762E+00    3.7500000000E+00
    5.2449758194E+00    3.7800000000E+00
    5.2017078050E+00    3.8100000000E+00
    5.2848146643E+00    3.8400000000E+00
    5.2562223032E+00    3.8700000000E+00
    5.5045926381E+00    3.9000000000E+00
    5.2702665450E+00    3.9300000000E+00
    5.1153426597E+00    3.9600000000E+00
    5.4742096077E+00    3.9900000000E+00
    5.3064196385E+00    4.0200000000E+00
    5.6229611835E+00    4.0500000000E+00
    5.2947621149E+00    4.0800000000E+00
    5.5326553487E+00    4.1100000000E+00
    5.5081685356E+00    4.1400000000E+00
    5.2277309700E+00    4.1700000000E+00
    5.3735625380E+00    4.2000000000E+00
    5.5894538499E+00    4.2300000000E+00
    5.2538836294E+00    4.2600000000E+00
    5.4637836202E+00    4.2900000000E+00
    5.4088596166E+00    4.3200000000E+00
    5.4041242202E+00    4.3500000000E+00
    5.6297243792E+00    4.3800000000E+00
    5.4858824699E+00    4.4100000000E+00
    5.5292070896E+00    4.4400000000E+00
    5.5690003773E+00    4.4700000000E+00
    5.4267053599E+00    4.5000000000E+00
    5.2544852445E+00    4.5300000000E+00
    5.4187546548E+00    4.5600000000E+00
    5.2642698938E+00    4.5900000000E+00
    5.2242495952E+00    4.6200000000E+00
    5.0784627053E+00    4.6500000000E+00
    5.3696499543E+00    4.6800000000E+00
    5.0688360136E+00    4.7100000000E+00
    5.2287244876E+00    4.7400000000E+00
    5.2809745023E+00    4.7700000000E+00
    5.2714014398E+00    4.8000000000E+00
    5.6977101600E+00    4.8300000000E+00
    5.5576966903E+00    4.8600000000E+00
    5.3261605257E+00    4.8900000000E+00
    5.3426527125E+00    4.9200000000E+00
    5.5248397490E+00    4.9500000000E+00
    5.4582377401E+00    4.9800000000E+00
    5.8668030378E+00    5.0100000000E+00
    5.3483757946E+00    5.0400000000E+00
    5.2923791275E+00    5.0700000000E+00
    5.1854472716E+00    5.1000000000E+00
    5.4175594420E+00    5.1300000000E+00
    5.3360051843E+00    5.1600000000E+00
    5.5459967874E+00    5.1900000000E+00
    5.7555999631E+00    5.2200000000E+00
    5.3371983960E+00    5.2500000000E+00
    5.6153813991E+00    5.2800000000E+00
    5.6017140468E+00    5.3100000000E+00
    5.6964373466E+00    5.3400000000E+00
    5.5898755711E+00    5.3700000000E+00
    5.3284952788E+00    5.4000000000E+00
    5.2721915152E+00    5.4300000000E+00
    5.3666620171E+00    5.4600000000E+00
    5.6049205974E+00    5.4900000000E+00
    5.3316464261E+00    5.5200000000E+00
    5.9747551606E+00    5.5500000000E+00
    5.1995119077E+00    5.5800000000E+00
    5.3240856677E+00    5.6100000000E+00
    5.5029126624E+00    5.6400000000E+00
    5.2574685960E+00    5.6700000000E+00
    6.0000000000E+00    5.7000000000E+00
    5.3991050359E+00    5.7300000000E+00
    5.2173985053E+00    5.7600000000E+00
    5.2125930378E+00    5.7900000000E+00
    5.0508120664E+00    5.8200000000E+00
    5.1789798211E+00    5.8500000000E+00
    5.3426109789E+00    5.8800000000E+00
    5.2688217416E+00    5.9100000000E+00
    5.2896996125E+00    5.9400000000E+00
    5.2800191189E+00    5.9700000000E+00
    5.1949315572E+00    6.0000000000E+00
    5.1969805462E+00    6.0300000000E+00
    5.3199976956E+00    6.0600000000E+00
    5.1241269829E+00    6.0900000000E+00
    5.0662109485E+00    6.1200000000E+00
    5.2126229678E+00    6.1500000000E+00
    5.0286781868E+00    6.1800000000E+00
    5.0030393380E+00    6.2100000000E+00
    5.0151302243E+00    6.2400000000E+00
    5.0000707682E+00    6.2700000000E+00
    5.0201980227E+00    6.3000000000E+00
