     #     T [K]    \rho(delta_nk) [meV]
    1.0000127304E+01    3.0900000000E+00
    1.0000006130E+01    3.1200000000E+00
    1.0000012095E+01    3.1500000000E+00
    1.0016968422E+01    3.2100000000E+00
    1.0026373344E+01    3.2400000000E+00
    1.0000999832E+01    3.2700000000E+00
    1.0000455693E+01    3.3000000000E+00
    1.0093349235E+01    3.3300000000E+00
    1.0157323331E+01    3.3600000000E+00
    1.0060953533E+01    3.3900000000E+00
    1.0086116379E+01    3.4200000000E+00
    1.0139910235E+01    3.4500000000E+00
    1.0204724612E+01    3.4800000000E+00
    1.0214928249E+01    3.5100000000E+00
    1.0258890130E+01    3.5400000000E+00
    1.0297755480E+01    3.5700000000E+00
    1.0260819147E+01    3.6000000000E+00
    1.0202159214E+01    3.6300000000E+00
    1.0180417701E+01    3.6600000000E+00
    1.0311515378E+01    3.6900000000E+00
    1.0144037065E+01    3.7200000000E+00
    1.0225197972E+01    3.7500000000E+00
    1.0233475157E+01    3.7800000000E+00
    1.0226217400E+01    3.8100000000E+00
    1.0382539412E+01    3.8400000000E+00
    1.0386378712E+01    3.8700000000E+00
    1.0379426610E+01    3.9000000000E+00
    1.0205879164E+01    3.9300000000E+00
    1.0453658882E+01    3.9600000000E+00
    1.0295881885E+01    3.9900000000E+00
    1.0645162287E+01    4.0200000000E+00
    1.0395152327E+01    4.0500000000E+00
    1.0538443681E+01    4.0800000000E+00
    1.0503324717E+01    4.1100000000E+00
    1.0307825628E+01    4.1400000000E+00
    1.0358176315E+01    4.1700000000E+00
    1.0637005809E+01    4.2000000000E+00
    1.0236395403E+01    4.2300000000E+00
    1.0584535389E+01    4.2600000000E+00
    1.0316102071E+01    4.2900000000E+00
    1.0446423036E+01    4.3200000000E+00
    1.0808654650E+01    4.3500000000E+00
    1.0411064415E+01    4.3800000000E+00
    1.0620577178E+01    4.4100000000E+00
    1.0622197991E+01    4.4400000000E+00
    1.0372728490E+01    4.4700000000E+00
    1.0291560881E+01    4.5000000000E+00
    1.0427174750E+01    4.5300000000E+00
    1.0285626457E+01    4.5600000000E+00
    1.0242473419E+01    4.5900000000E+00
    1.0195604332E+01    4.6200000000E+00
    1.0213065231E+01    4.6500000000E+00
    1.0125808157E+01    4.6800000000E+00
    1.0298216816E+01    4.7100000000E+00
    1.0297849592E+01    4.7400000000E+00
    1.0546911957E+01    4.7700000000E+00
    1.0587431600E+01    4.8000000000E+00
    1.0405560708E+01    4.8300000000E+00
    1.0478692031E+01    4.8600000000E+00
    1.0416304944E+01    4.8900000000E+00
    1.0615511312E+01    4.9200000000E+00
    1.0591829450E+01    4.9500000000E+00
    1.0692155248E+01    4.9800000000E+00
    1.0327210013E+01    5.0100000000E+00
    1.0292827438E+01    5.0400000000E+00
    1.0373646507E+01    5.0700000000E+00
    1.0414796320E+01    5.1000000000E+00
    1.0393597163E+01    5.1300000000E+00
    1.0624427919E+01    5.1600000000E+00
    1.0720408892E+01    5.1900000000E+00
    1.0372479065E+01    5.2200000000E+00
    1.0474861597E+01    5.2500000000E+00
    1.0762062971E+01    5.2800000000E+00
    1.0724901603E+01    5.3100000000E+00
    1.0593773083E+01    5.3400000000E+00
    1.0371238514E+01    5.3700000000E+00
    1.0311787377E+01    5.4000000000E+00
    1.0310120410E+01    5.4300000000E+00
    1.0687076205E+01    5.4600000000E+00
    1.0512972322E+01    5.4900000000E+00
    1.0848746733E+01    5.5200000000E+00
    1.0278701535E+01    5.5500000000E+00
    1.0338001210E+01    5.5800000000E+00
    1.0488122383E+01    5.6100000000E+00
    1.0318964960E+01    5.6400000000E+00
    1.1000000000E+01    5.6700000000E+00
    1.0457218972E+01    5.7000000000E+00
    1.0199899822E+01    5.7300000000E+00
    1.0235451759E+01    5.7600000000E+00
    1.0045382359E+01    5.7900000000E+00
    1.0280537651E+01    5.8200000000E+00
    1.0336484991E+01    5.8500000000E+00
    1.0349584189E+01    5.8800000000E+00
    1.0184974290E+01    5.9100000000E+00
    1.0334703690E+01    5.9400000000E+00
    1.0171673569E+01    5.9700000000E+00
    1.0311579357E+01    6.0000000000E+00
    1.0239943149E+01    6.0300000000E+00
    1.0147625037E+01    6.0600000000E+00
    1.0147979744E+01    6.0900000000E+00
    1.0142116071E+01    6.1200000000E+00
    1.0022362992E+01    6.1500000000E+00
    1.0003019626E+01    6.1800000000E+00
    1.0016131363E+01    6.2100000000E+00
    1.0000075451E+01    6.2400000000E+00
    1.0021534487E+01    6.2700000000E+00
