     #     T [K]    \rho(delta_nk) [meV]
    2.7500007519E+01    7.8000000000E-01
    2.7500032440E+01    8.1000000000E-01
    2.7590119462E+01    8.4000000000E-01
    2.7578955669E+01    8.7000000000E-01
    2.7716266471E+01    9.0000000000E-01
    2.7715531065E+01    9.3000000000E-01
    2.7635306126E+01    9.6000000000E-01
    2.7679972866E+01    9.9000000000E-01
    2.7749687510E+01    1.0200000000E+00
    2.7814477573E+01    1.0500000000E+00
    2.7735223057E+01    1.0800000000E+00
    2.7749841347E+01    1.1100000000E+00
    2.7688369011E+01    1.1400000000E+00
    2.7792716518E+01    1.1700000000E+00
    2.7877486531E+01    1.2000000000E+00
    2.8030617965E+01    1.2300000000E+00
    2.7996057342E+01    1.2600000000E+00
    2.8092903336E+01    1.2900000000E+00
    2.7781332712E+01    1.3200000000E+00
    2.7951253069E+01    1.3500000000E+00
    2.7701857293E+01    1.3800000000E+00
    2.7818997651E+01    1.4100000000E+00
    2.7832380034E+01    1.4400000000E+00
    2.7907743794E+01    1.4700000000E+00
    2.7835589677E+01    1.5000000000E+00
    2.7836554277E+01    1.5300000000E+00
    2.7674955082E+01    1.5600000000E+00
    2.7649407691E+01    1.5900000000E+00
    2.7810042552E+01    1.6200000000E+00
    2.7725967415E+01    1.6500000000E+00
    2.7603128542E+01    1.6800000000E+00
    2.7691862997E+01    1.7100000000E+00
    2.7813256175E+01    1.7400000000E+00
    2.7771192316E+01    1.7700000000E+00
    2.7744882937E+01    1.8000000000E+00
    2.7656554074E+01    1.8300000000E+00
    2.7924388180E+01    1.8600000000E+00
    2.7609309076E+01    1.8900000000E+00
    2.7575349991E+01    1.9200000000E+00
    2.7674723751E+01    1.9500000000E+00
    2.7643248769E+01    1.9800000000E+00
    2.7674505566E+01    2.0100000000E+00
    2.7693230170E+01    2.0400000000E+00
    2.7543115924E+01    2.0700000000E+00
    2.7508238904E+01    2.1000000000E+00
    2.7527961674E+01    2.1300000000E+00
    2.7558356597E+01    2.1600000000E+00
    2.7630665747E+01    2.1900000000E+00
    2.7672852394E+01    2.2200000000E+00
    2.7637929939E+01    2.2500000000E+00
    2.7582336134E+01    2.2800000000E+00
    2.7760522423E+01    2.3100000000E+00
    2.7640123217E+01    2.3400000000E+00
    2.7823141394E+01    2.3700000000E+00
    2.7639211105E+01    2.4000000000E+00
    2.7824028144E+01    2.4300000000E+00
    2.7683506369E+01    2.4600000000E+00
    2.7804445823E+01    2.4900000000E+00
    2.7712318383E+01    2.5200000000E+00
    2.7822050702E+01    2.5500000000E+00
    2.7883720457E+01    2.5800000000E+00
    2.7884970684E+01    2.6100000000E+00
    2.7748137495E+01    2.6400000000E+00
    2.7782750884E+01    2.6700000000E+00
    2.7511505824E+01    2.7000000000E+00
    2.7640555695E+01    2.7300000000E+00
    2.7582889509E+01    2.7600000000E+00
    2.7700815009E+01    2.7900000000E+00
    2.7663591814E+01    2.8200000000E+00
    2.7697293126E+01    2.8500000000E+00
    2.7743330527E+01    2.8800000000E+00
    2.7513022292E+01    2.9100000000E+00
    2.7915417443E+01    2.9400000000E+00
    2.7782898979E+01    2.9700000000E+00
    2.7850511855E+01    3.0000000000E+00
    2.7861840904E+01    3.0300000000E+00
    2.7782560465E+01    3.0600000000E+00
    2.7886977049E+01    3.0900000000E+00
    2.7880503878E+01    3.1200000000E+00
    2.7990734679E+01    3.1500000000E+00
    2.8030046278E+01    3.1800000000E+00
    2.7784448723E+01    3.2100000000E+00
    2.8500000000E+01    3.2400000000E+00
    2.7864329576E+01    3.2700000000E+00
    2.8050533068E+01    3.3000000000E+00
    2.7974634924E+01    3.3300000000E+00
    2.8006281174E+01    3.3600000000E+00
    2.7788595376E+01    3.3900000000E+00
    2.7865194479E+01    3.4200000000E+00
    2.7877871196E+01    3.4500000000E+00
    2.7729115653E+01    3.4800000000E+00
    2.7745443883E+01    3.5100000000E+00
    2.7700451222E+01    3.5400000000E+00
    2.7658448238E+01    3.5700000000E+00
    2.7723027540E+01    3.6000000000E+00
    2.7638740383E+01    3.6300000000E+00
    2.7574254454E+01    3.6600000000E+00
    2.7515953805E+01    3.6900000000E+00
    2.7509858732E+01    3.7200000000E+00
    2.7505609992E+01    3.7500000000E+00
    2.7500008084E+01    3.7800000000E+00
