     #     T [K]    \rho(delta_nk) [meV]
    2.0000073221E+00    3.1200000000E+00
    2.0001398337E+00    3.1500000000E+00
    2.0000133387E+00    3.2100000000E+00
    2.0000391279E+00    3.2400000000E+00
    2.0364108658E+00    3.2700000000E+00
    2.0124356969E+00    3.3000000000E+00
    2.0001193207E+00    3.3300000000E+00
    2.0693923854E+00    3.3600000000E+00
    2.1725101437E+00    3.3900000000E+00
    2.0586490246E+00    3.4200000000E+00
    2.0509163756E+00    3.4500000000E+00
    2.1469114215E+00    3.4800000000E+00
    2.2496790438E+00    3.5100000000E+00
    2.1902812928E+00    3.5400000000E+00
    2.3440208310E+00    3.5700000000E+00
    2.1914162992E+00    3.6000000000E+00
    2.4067017951E+00    3.6300000000E+00
    2.1281953523E+00    3.6600000000E+00
    2.3401405873E+00    3.6900000000E+00
    2.3223622549E+00    3.7200000000E+00
    2.1100185856E+00    3.7500000000E+00
    2.2411512574E+00    3.7800000000E+00
    2.2056832823E+00    3.8100000000E+00
    2.4096860100E+00    3.8400000000E+00
    2.3443561068E+00    3.8700000000E+00
    2.4831391065E+00    3.9000000000E+00
    2.3451229926E+00    3.9300000000E+00
    2.1733116669E+00    3.9600000000E+00
    2.6136308696E+00    3.9900000000E+00
    2.3262268594E+00    4.0200000000E+00
    2.4286316288E+00    4.0500000000E+00
    2.4766383818E+00    4.0800000000E+00
    2.8026864729E+00    4.1100000000E+00
    2.4959265189E+00    4.1400000000E+00
    2.3660482793E+00    4.1700000000E+00
    2.3381218369E+00    4.2000000000E+00
    2.8162362559E+00    4.2300000000E+00
    2.2961530378E+00    4.2600000000E+00
    2.4355069993E+00    4.2900000000E+00
    2.4538014857E+00    4.3200000000E+00
    2.5714711948E+00    4.3500000000E+00
    2.7699364568E+00    4.3800000000E+00
    2.3396758143E+00    4.4100000000E+00
    2.7724677030E+00    4.4400000000E+00
    2.7197765323E+00    4.4700000000E+00
    2.4621752906E+00    4.5000000000E+00
    2.3690198353E+00    4.5300000000E+00
    2.4207703150E+00    4.5600000000E+00
    2.2801778005E+00    4.5900000000E+00
    2.3917048242E+00    4.6200000000E+00
    2.0816979239E+00    4.6500000000E+00
    2.4222381028E+00    4.6800000000E+00
    2.0683679402E+00    4.7100000000E+00
    2.3023172582E+00    4.7400000000E+00
    2.1545262811E+00    4.7700000000E+00
    2.4979388690E+00    4.8000000000E+00
    2.5765277690E+00    4.8300000000E+00
    2.7848884255E+00    4.8600000000E+00
    2.4779669088E+00    4.8900000000E+00
    2.1843416344E+00    4.9200000000E+00
    2.7934408502E+00    4.9500000000E+00
    2.4841561771E+00    4.9800000000E+00
    2.9085300330E+00    5.0100000000E+00
    2.6214233954E+00    5.0400000000E+00
    2.1715027200E+00    5.0700000000E+00
    2.3095011196E+00    5.1000000000E+00
    2.4315617689E+00    5.1300000000E+00
    2.4155640742E+00    5.1600000000E+00
    2.6510048914E+00    5.1900000000E+00
    2.8755688533E+00    5.2200000000E+00
    2.4814594468E+00    5.2500000000E+00
    2.5523262950E+00    5.2800000000E+00
    2.8153550632E+00    5.3100000000E+00
    2.7744027789E+00    5.3400000000E+00
    2.7233314215E+00    5.3700000000E+00
    2.4379886530E+00    5.4000000000E+00
    2.1810381064E+00    5.4300000000E+00
    2.5184380705E+00    5.4600000000E+00
    2.6894975277E+00    5.4900000000E+00
    2.4986625426E+00    5.5200000000E+00
    2.8533883910E+00    5.5500000000E+00
    2.5692786408E+00    5.5800000000E+00
    2.3321118886E+00    5.6100000000E+00
    2.5174822796E+00    5.6400000000E+00
    2.3456477478E+00    5.6700000000E+00
    3.0000000000E+00    5.7000000000E+00
    2.5038542374E+00    5.7300000000E+00
    2.4381491559E+00    5.7600000000E+00
    2.2406041883E+00    5.7900000000E+00
    2.1149419066E+00    5.8200000000E+00
    2.1988708626E+00    5.8500000000E+00
    2.3347306486E+00    5.8800000000E+00
    2.3609159160E+00    5.9100000000E+00
    2.3756510686E+00    5.9400000000E+00
    2.2267310317E+00    5.9700000000E+00
    2.2746292367E+00    6.0000000000E+00
    2.2887872491E+00    6.0300000000E+00
    2.2999710194E+00    6.0600000000E+00
    2.2013756093E+00    6.0900000000E+00
    2.0987269784E+00    6.1200000000E+00
    2.2021599185E+00    6.1500000000E+00
    2.0763460944E+00    6.1800000000E+00
    2.0088567802E+00    6.2100000000E+00
    2.0177608620E+00    6.2400000000E+00
    2.0001282661E+00    6.2700000000E+00
    2.0237389070E+00    6.3000000000E+00
    2.0000126571E+00    6.3300000000E+00
