     #     T [K]    \rho(delta_nk) [meV]
    1.2500005486E+01    3.0300000000E+00
    1.2500138816E+01    3.0600000000E+00
    1.2500013082E+01    3.1200000000E+00
    1.2500036240E+01    3.1500000000E+00
    1.2535709890E+01    3.1800000000E+00
    1.2512195470E+01    3.2100000000E+00
    1.2500117033E+01    3.2400000000E+00
    1.2568030948E+01    3.2700000000E+00
    1.2652447362E+01    3.3000000000E+00
    1.2566295748E+01    3.3300000000E+00
    1.2627304656E+01    3.3600000000E+00
    1.2572340812E+01    3.3900000000E+00
    1.2747193834E+01    3.4200000000E+00
    1.2685642446E+01    3.4500000000E+00
    1.2750812325E+01    3.4800000000E+00
    1.2775243282E+01    3.5100000000E+00
    1.2840043013E+01    3.5400000000E+00
    1.2684596886E+01    3.5700000000E+00
    1.2716919229E+01    3.6000000000E+00
    1.2924220643E+01    3.6300000000E+00
    1.2604060590E+01    3.6600000000E+00
    1.2803825129E+01    3.6900000000E+00
    1.2641109562E+01    3.7200000000E+00
    1.2800656069E+01    3.7500000000E+00
    1.2762284279E+01    3.7800000000E+00
    1.2974866976E+01    3.8100000000E+00
    1.2818410686E+01    3.8400000000E+00
    1.2851640357E+01    3.8700000000E+00
    1.2877343421E+01    3.9000000000E+00
    1.2859003495E+01    3.9300000000E+00
    1.3098561005E+01    3.9600000000E+00
    1.3054726079E+01    3.9900000000E+00
    1.3031039408E+01    4.0200000000E+00
    1.2972196303E+01    4.0500000000E+00
    1.2991004413E+01    4.0800000000E+00
    1.2896116965E+01    4.1100000000E+00
    1.3095382813E+01    4.1400000000E+00
    1.2902216712E+01    4.1700000000E+00
    1.2954260999E+01    4.2000000000E+00
    1.2973014611E+01    4.2300000000E+00
    1.2936321851E+01    4.2600000000E+00
    1.3164070928E+01    4.2900000000E+00
    1.3169788608E+01    4.3200000000E+00
    1.3049582896E+01    4.3500000000E+00
    1.3315334364E+01    4.3800000000E+00
    1.2778886910E+01    4.4100000000E+00
    1.3089090680E+01    4.4400000000E+00
    1.2793641703E+01    4.4700000000E+00
    1.2994878306E+01    4.5000000000E+00
    1.2711378726E+01    4.5300000000E+00
    1.2678141381E+01    4.5600000000E+00
    1.2750586140E+01    4.5900000000E+00
    1.2736803280E+01    4.6200000000E+00
    1.2666564172E+01    4.6500000000E+00
    1.2954706836E+01    4.6800000000E+00
    1.2938386426E+01    4.7100000000E+00
    1.3123029813E+01    4.7400000000E+00
    1.2857780805E+01    4.7700000000E+00
    1.3106997746E+01    4.8000000000E+00
    1.3083017898E+01    4.8300000000E+00
    1.2932104955E+01    4.8600000000E+00
    1.3491059248E+01    4.8900000000E+00
    1.2907793397E+01    4.9200000000E+00
    1.3239953062E+01    4.9500000000E+00
    1.2679053675E+01    4.9800000000E+00
    1.2928369145E+01    5.0100000000E+00
    1.2901308916E+01    5.0400000000E+00
    1.2982081342E+01    5.0700000000E+00
    1.3112776070E+01    5.1000000000E+00
    1.3099462142E+01    5.1300000000E+00
    1.2996844832E+01    5.1600000000E+00
    1.3162331623E+01    5.1900000000E+00
    1.3231275541E+01    5.2200000000E+00
    1.3359044246E+01    5.2500000000E+00
    1.3077364630E+01    5.2800000000E+00
    1.3001318837E+01    5.3100000000E+00
    1.2763284177E+01    5.3400000000E+00
    1.2802823795E+01    5.3700000000E+00
    1.3130898317E+01    5.4000000000E+00
    1.3052252399E+01    5.4300000000E+00
    1.3364237971E+01    5.4600000000E+00
    1.2992154956E+01    5.4900000000E+00
    1.2818357879E+01    5.5200000000E+00
    1.3102266641E+01    5.5500000000E+00
    1.2798616433E+01    5.5800000000E+00
    1.3500000000E+01    5.6100000000E+00
    1.2842392985E+01    5.6400000000E+00
    1.2951717779E+01    5.6700000000E+00
    1.2735787886E+01    5.7000000000E+00
    1.2612721146E+01    5.7300000000E+00
    1.2751251886E+01    5.7600000000E+00
    1.2774563219E+01    5.7900000000E+00
    1.2950890143E+01    5.8200000000E+00
    1.2768935416E+01    5.8500000000E+00
    1.2792535157E+01    5.8800000000E+00
    1.2755190783E+01    5.9100000000E+00
    1.2727163283E+01    5.9400000000E+00
    1.2869029980E+01    5.9700000000E+00
    1.2643146587E+01    6.0000000000E+00
    1.2602381155E+01    6.0300000000E+00
    1.2719177644E+01    6.0600000000E+00
    1.2533072459E+01    6.0900000000E+00
    1.2503505047E+01    6.1200000000E+00
    1.2517448583E+01    6.1500000000E+00
    1.2500081612E+01    6.1800000000E+00
    1.2523292905E+01    6.2100000000E+00
