     #     T [K]    \rho(delta_nk) [meV]
    2.0500005183E+01    2.4600000000E+00
    2.0500006239E+01    2.4900000000E+00
    2.0500135637E+01    2.5200000000E+00
    2.0500034284E+01    2.5500000000E+00
    2.0517339464E+01    2.5800000000E+00
    2.0527027358E+01    2.6100000000E+00
    2.0501018035E+01    2.6400000000E+00
    2.0657922836E+01    2.6700000000E+00
    2.0545448545E+01    2.7000000000E+00
    2.0644290590E+01    2.7300000000E+00
    2.0531539989E+01    2.7600000000E+00
    2.0708214995E+01    2.7900000000E+00
    2.0664482940E+01    2.8200000000E+00
    2.0846932316E+01    2.8500000000E+00
    2.0680600802E+01    2.8800000000E+00
    2.0750015203E+01    2.9100000000E+00
    2.0830372242E+01    2.9400000000E+00
    2.0801940046E+01    2.9700000000E+00
    2.0595626958E+01    3.0000000000E+00
    2.0853081772E+01    3.0300000000E+00
    2.0657574364E+01    3.0600000000E+00
    2.0752603456E+01    3.0900000000E+00
    2.0690575555E+01    3.1200000000E+00
    2.0621226664E+01    3.1500000000E+00
    2.0779453859E+01    3.1800000000E+00
    2.0679180850E+01    3.2100000000E+00
    2.0919795931E+01    3.2400000000E+00
    2.0737670851E+01    3.2700000000E+00
    2.0900378165E+01    3.3000000000E+00
    2.0891341129E+01    3.3300000000E+00
    2.1018140575E+01    3.3600000000E+00
    2.1054202228E+01    3.3900000000E+00
    2.0856734786E+01    3.4200000000E+00
    2.0914838900E+01    3.4500000000E+00
    2.1142340618E+01    3.4800000000E+00
    2.0755727138E+01    3.5100000000E+00
    2.0948799765E+01    3.5400000000E+00
    2.1289462059E+01    3.5700000000E+00
    2.1142345430E+01    3.6000000000E+00
    2.0839184352E+01    3.6300000000E+00
    2.0994343266E+01    3.6600000000E+00
    2.0918337142E+01    3.6900000000E+00
    2.1042364882E+01    3.7200000000E+00
    2.1162183856E+01    3.7500000000E+00
    2.0981527218E+01    3.7800000000E+00
    2.0915569635E+01    3.8100000000E+00
    2.1500000000E+01    3.8400000000E+00
    2.0976274500E+01    3.8700000000E+00
    2.1286705271E+01    3.9000000000E+00
    2.1019837516E+01    3.9300000000E+00
    2.0924585711E+01    3.9600000000E+00
    2.0871892034E+01    3.9900000000E+00
    2.0868968530E+01    4.0200000000E+00
    2.0707038524E+01    4.0500000000E+00
    2.1319079666E+01    4.0800000000E+00
    2.1328902308E+01    4.1100000000E+00
    2.0843319775E+01    4.1400000000E+00
    2.0794485197E+01    4.1700000000E+00
    2.1002136041E+01    4.2000000000E+00
    2.0884637046E+01    4.2300000000E+00
    2.1171166909E+01    4.2600000000E+00
    2.0971747897E+01    4.2900000000E+00
    2.0594079018E+01    4.3200000000E+00
    2.1265757692E+01    4.3500000000E+00
    2.1099717248E+01    4.3800000000E+00
    2.1002438044E+01    4.4100000000E+00
    2.0700805355E+01    4.4400000000E+00
    2.0814770732E+01    4.4700000000E+00
    2.0790341033E+01    4.5000000000E+00
    2.0897719810E+01    4.5300000000E+00
    2.0920701058E+01    4.5600000000E+00
    2.0880806178E+01    4.5900000000E+00
    2.1160602260E+01    4.6200000000E+00
    2.1052386608E+01    4.6500000000E+00
    2.0863213353E+01    4.6800000000E+00
    2.0826842544E+01    4.7100000000E+00
    2.0611070862E+01    4.7400000000E+00
    2.0916666235E+01    4.7700000000E+00
    2.1312257680E+01    4.8000000000E+00
    2.1341470819E+01    4.8300000000E+00
    2.0795396837E+01    4.8600000000E+00
    2.1081608587E+01    4.8900000000E+00
    2.1027732927E+01    4.9200000000E+00
    2.1042446538E+01    4.9500000000E+00
    2.1185109060E+01    4.9800000000E+00
    2.0937250411E+01    5.0100000000E+00
    2.0624809901E+01    5.0400000000E+00
    2.0784959192E+01    5.0700000000E+00
    2.0745783700E+01    5.1000000000E+00
    2.0893710106E+01    5.1300000000E+00
    2.0985938887E+01    5.1600000000E+00
    2.0655565665E+01    5.1900000000E+00
    2.0779702206E+01    5.2200000000E+00
    2.0735699858E+01    5.2500000000E+00
    2.0821470659E+01    5.2800000000E+00
    2.0687796103E+01    5.3100000000E+00
    2.0641913014E+01    5.3400000000E+00
    2.0652705523E+01    5.3700000000E+00
    2.0515262038E+01    5.4000000000E+00
    2.0519446460E+01    5.4300000000E+00
    2.0500123947E+01    5.4600000000E+00
    2.0522071482E+01    5.4900000000E+00
    2.0500011727E+01    5.5200000000E+00
