     #     T [K]    \rho(delta_nk) [meV]
    6.5001229392E+00    3.1200000000E+00
    6.5000059061E+00    3.1500000000E+00
    6.5000116510E+00    3.1800000000E+00
    6.5000325598E+00    3.2100000000E+00
    6.5104831822E+00    3.2400000000E+00
    6.5213988786E+00    3.2700000000E+00
    6.5109067702E+00    3.3000000000E+00
    6.5019671679E+00    3.3300000000E+00
    6.5984720122E+00    3.3600000000E+00
    6.6142373254E+00    3.3900000000E+00
    6.5486194845E+00    3.4200000000E+00
    6.6212499299E+00    3.4500000000E+00
    6.5998603963E+00    3.4800000000E+00
    6.6980914697E+00    3.5100000000E+00
    6.6438669567E+00    3.5400000000E+00
    6.8369480670E+00    3.5700000000E+00
    6.7991783553E+00    3.6000000000E+00
    6.6969824891E+00    3.6300000000E+00
    6.7501359273E+00    3.6600000000E+00
    6.6671525460E+00    3.6900000000E+00
    6.8214467750E+00    3.7200000000E+00
    6.5901254087E+00    3.7500000000E+00
    6.7528170590E+00    3.7800000000E+00
    6.7108673983E+00    3.8100000000E+00
    6.8285702890E+00    3.8400000000E+00
    6.8008600829E+00    3.8700000000E+00
    6.9345932659E+00    3.9000000000E+00
    6.8258782133E+00    3.9300000000E+00
    6.5717985202E+00    3.9600000000E+00
    7.0416159626E+00    3.9900000000E+00
    6.8232736441E+00    4.0200000000E+00
    7.0796841794E+00    4.0500000000E+00
    6.8162340185E+00    4.0800000000E+00
    7.0939351051E+00    4.1100000000E+00
    6.9649205586E+00    4.1400000000E+00
    6.7344585582E+00    4.1700000000E+00
    6.9691237765E+00    4.2000000000E+00
    7.0770110663E+00    4.2300000000E+00
    6.7109714664E+00    4.2600000000E+00
    6.9733496216E+00    4.2900000000E+00
    6.9230086610E+00    4.3200000000E+00
    6.9805521572E+00    4.3500000000E+00
    7.1452064624E+00    4.3800000000E+00
    6.9990565736E+00    4.4100000000E+00
    7.0499289309E+00    4.4400000000E+00
    7.0580301436E+00    4.4700000000E+00
    6.9520470941E+00    4.5000000000E+00
    6.7615231990E+00    4.5300000000E+00
    6.8797288543E+00    4.5600000000E+00
    6.7719683603E+00    4.5900000000E+00
    6.7996003929E+00    4.6200000000E+00
    6.5255350804E+00    4.6500000000E+00
    6.8671430489E+00    4.6800000000E+00
    6.5729151723E+00    4.7100000000E+00
    6.7739262654E+00    4.7400000000E+00
    6.7786578576E+00    4.7700000000E+00
    6.9095044595E+00    4.8000000000E+00
    7.1802257565E+00    4.8300000000E+00
    6.9736375730E+00    4.8600000000E+00
    6.8154598641E+00    4.8900000000E+00
    6.8875808567E+00    4.9200000000E+00
    7.1472875196E+00    4.9500000000E+00
    6.8932202040E+00    4.9800000000E+00
    7.3285545877E+00    5.0100000000E+00
    6.8603655717E+00    5.0400000000E+00
    6.8005006141E+00    5.0700000000E+00
    6.7476306442E+00    5.1000000000E+00
    6.8725610027E+00    5.1300000000E+00
    6.8967008762E+00    5.1600000000E+00
    7.1853951687E+00    5.1900000000E+00
    7.1279426580E+00    5.2200000000E+00
    6.9776666604E+00    5.2500000000E+00
    7.0496161955E+00    5.2800000000E+00
    7.0578672457E+00    5.3100000000E+00
    7.2411260685E+00    5.3400000000E+00
    7.1114217997E+00    5.3700000000E+00
    6.8008517272E+00    5.4000000000E+00
    6.7927813999E+00    5.4300000000E+00
    6.8844915186E+00    5.4600000000E+00
    7.1376709352E+00    5.4900000000E+00
    6.9549849977E+00    5.5200000000E+00
    7.3557697600E+00    5.5500000000E+00
    6.7802497455E+00    5.5800000000E+00
    6.8262951795E+00    5.6100000000E+00
    6.9503636576E+00    5.6400000000E+00
    6.8291643996E+00    5.6700000000E+00
    7.5000000000E+00    5.7000000000E+00
    6.8927085546E+00    5.7300000000E+00
    6.7075956552E+00    5.7600000000E+00
    6.7191825773E+00    5.7900000000E+00
    6.5521490410E+00    5.8200000000E+00
    6.7241712705E+00    5.8500000000E+00
    6.8127401611E+00    5.8800000000E+00
    6.7767827235E+00    5.9100000000E+00
    6.7982788790E+00    5.9400000000E+00
    6.8232283198E+00    5.9700000000E+00
    6.6657877132E+00    6.0000000000E+00
    6.8008968085E+00    6.0300000000E+00
    6.7313914094E+00    6.0600000000E+00
    6.6428889391E+00    6.0900000000E+00
    6.5763210592E+00    6.1200000000E+00
    6.7038287748E+00    6.1500000000E+00
    6.5215962735E+00    6.1800000000E+00
    6.5029160976E+00    6.2100000000E+00
    6.5155782961E+00    6.2400000000E+00
    6.5000728639E+00    6.2700000000E+00
    6.5207961741E+00    6.3000000000E+00
