     #     T [K]    \rho(delta_nk) [meV]
    6.0000067674E+00    3.1200000000E+00
    6.0001292292E+00    3.1500000000E+00
    6.0000123282E+00    3.2100000000E+00
    6.0000361637E+00    3.2400000000E+00
    6.0336524678E+00    3.2700000000E+00
    6.0115107590E+00    3.3000000000E+00
    6.0000932628E+00    3.3300000000E+00
    6.0641353548E+00    3.3600000000E+00
    6.1594410896E+00    3.3900000000E+00
    6.0542059182E+00    3.4200000000E+00
    6.1136950676E+00    3.4500000000E+00
    6.0733655077E+00    3.4800000000E+00
    6.2265442433E+00    3.5100000000E+00
    6.1758765271E+00    3.5400000000E+00
    6.3179481763E+00    3.5700000000E+00
    6.1945846069E+00    3.6000000000E+00
    6.3582215255E+00    3.6300000000E+00
    6.1184835864E+00    3.6600000000E+00
    6.3246833404E+00    3.6900000000E+00
    6.3048917142E+00    3.7200000000E+00
    6.0851901566E+00    3.7500000000E+00
    6.2241098380E+00    3.7800000000E+00
    6.1881054966E+00    3.8100000000E+00
    6.4288237792E+00    3.8400000000E+00
    6.2680939535E+00    3.8700000000E+00
    6.4464649824E+00    3.9000000000E+00
    6.3511164651E+00    3.9300000000E+00
    6.1584251504E+00    3.9600000000E+00
    6.5372814379E+00    3.9900000000E+00
    6.3278571580E+00    4.0200000000E+00
    6.3770067813E+00    4.0500000000E+00
    6.4734761284E+00    4.0800000000E+00
    6.7013622162E+00    4.1100000000E+00
    6.4791085472E+00    4.1400000000E+00
    6.3503780550E+00    4.1700000000E+00
    6.2836169156E+00    4.2000000000E+00
    6.7504058947E+00    4.2300000000E+00
    6.2756887207E+00    4.2600000000E+00
    6.4015095079E+00    4.2900000000E+00
    6.4620601458E+00    4.3200000000E+00
    6.5369588543E+00    4.3500000000E+00
    6.6594973120E+00    4.3800000000E+00
    6.4532803839E+00    4.4100000000E+00
    6.5743350777E+00    4.4400000000E+00
    6.6652480250E+00    4.4700000000E+00
    6.4271587510E+00    4.5000000000E+00
    6.3572567774E+00    4.5300000000E+00
    6.3736027398E+00    4.5600000000E+00
    6.2580536004E+00    4.5900000000E+00
    6.3635621649E+00    4.6200000000E+00
    6.0810435077E+00    4.6500000000E+00
    6.3833553691E+00    4.6800000000E+00
    6.0837238021E+00    4.7100000000E+00
    6.2587073985E+00    4.7400000000E+00
    6.1428197485E+00    4.7700000000E+00
    6.4607906116E+00    4.8000000000E+00
    6.5338071967E+00    4.8300000000E+00
    6.6703403021E+00    4.8600000000E+00
    6.4971677377E+00    4.8900000000E+00
    6.1685226996E+00    4.9200000000E+00
    6.7334149954E+00    4.9500000000E+00
    6.5401205107E+00    4.9800000000E+00
    6.8435020638E+00    5.0100000000E+00
    6.4778209037E+00    5.0400000000E+00
    6.1585166345E+00    5.0700000000E+00
    6.2872101239E+00    5.1000000000E+00
    6.5025099359E+00    5.1300000000E+00
    6.3075289647E+00    5.1600000000E+00
    6.5734335352E+00    5.1900000000E+00
    6.8092377284E+00    5.2200000000E+00
    6.3869143464E+00    5.2500000000E+00
    6.6675644763E+00    5.2800000000E+00
    6.6770144964E+00    5.3100000000E+00
    6.7615799394E+00    5.3400000000E+00
    6.6002506934E+00    5.3700000000E+00
    6.4067430830E+00    5.4000000000E+00
    6.2081856604E+00    5.4300000000E+00
    6.4363645368E+00    5.4600000000E+00
    6.6979244968E+00    5.4900000000E+00
    6.4398094824E+00    5.5200000000E+00
    6.9407269005E+00    5.5500000000E+00
    6.3398355315E+00    5.5800000000E+00
    6.3017184155E+00    5.6100000000E+00
    6.5971445495E+00    5.6400000000E+00
    6.2144626192E+00    5.6700000000E+00
    7.0000000000E+00    5.7000000000E+00
    6.4916430646E+00    5.7300000000E+00
    6.2895092454E+00    5.7600000000E+00
    6.2731581319E+00    5.7900000000E+00
    6.0552908792E+00    5.8200000000E+00
    6.1945487327E+00    5.8500000000E+00
    6.3010013223E+00    5.8800000000E+00
    6.3312009227E+00    5.9100000000E+00
    6.3471926637E+00    5.9400000000E+00
    6.2756973160E+00    5.9700000000E+00
    6.2391653517E+00    6.0000000000E+00
    6.2154252090E+00    6.0300000000E+00
    6.2772459496E+00    6.0600000000E+00
    6.1861198863E+00    6.0900000000E+00
    6.0912920056E+00    6.1200000000E+00
    6.2310890915E+00    6.1500000000E+00
    6.0262736467E+00    6.1800000000E+00
    6.0081858123E+00    6.2100000000E+00
    6.0164153426E+00    6.2400000000E+00
    6.0001185490E+00    6.2700000000E+00
    6.0219405056E+00    6.3000000000E+00
    6.0000116982E+00    6.3300000000E+00
