     #     T [K]    \rho(delta_nk) [meV]
    9.0000064382E+00    3.0900000000E+00
    9.0001629277E+00    3.1200000000E+00
    9.0000153535E+00    3.1800000000E+00
    9.0000451639E+00    3.2100000000E+00
    9.0419062264E+00    3.2400000000E+00
    9.0143125118E+00    3.2700000000E+00
    9.0004851655E+00    3.3000000000E+00
    9.0877807604E+00    3.3300000000E+00
    9.1706251903E+00    3.3600000000E+00
    9.0871430792E+00    3.3900000000E+00
    9.0575691712E+00    3.4200000000E+00
    9.1701336278E+00    3.4500000000E+00
    9.2873628828E+00    3.4800000000E+00
    9.2178734701E+00    3.5100000000E+00
    9.2943647346E+00    3.5400000000E+00
    9.3230092789E+00    3.5700000000E+00
    9.4680865472E+00    3.6000000000E+00
    9.1475312169E+00    3.6300000000E+00
    9.3719703025E+00    3.6600000000E+00
    9.3905377520E+00    3.6900000000E+00
    9.1265829602E+00    3.7200000000E+00
    9.2490871063E+00    3.7500000000E+00
    9.2770322986E+00    3.7800000000E+00
    9.3468452139E+00    3.8100000000E+00
    9.4214186805E+00    3.8400000000E+00
    9.5469570313E+00    3.8700000000E+00
    9.2922388714E+00    3.9000000000E+00
    9.3785638171E+00    3.9300000000E+00
    9.6346682496E+00    3.9600000000E+00
    9.3605094094E+00    3.9900000000E+00
    9.6312887239E+00    4.0200000000E+00
    9.5195802308E+00    4.0500000000E+00
    9.8109776991E+00    4.0800000000E+00
    9.5175676817E+00    4.1100000000E+00
    9.5554312935E+00    4.1400000000E+00
    9.4403227807E+00    4.1700000000E+00
    9.7598920788E+00    4.2000000000E+00
    9.4331691136E+00    4.2300000000E+00
    9.5137375896E+00    4.2600000000E+00
    9.5616187190E+00    4.2900000000E+00
    9.5256413069E+00    4.3200000000E+00
    9.7670784256E+00    4.3500000000E+00
    9.7107033717E+00    4.3800000000E+00
    9.6709155050E+00    4.4100000000E+00
    1.0000000000E+01    4.4400000000E+00
    9.4402697540E+00    4.4700000000E+00
    9.5315484615E+00    4.5000000000E+00
    9.4808950261E+00    4.5300000000E+00
    9.4481896825E+00    4.5600000000E+00
    9.2434409882E+00    4.5900000000E+00
    9.1741571423E+00    4.6200000000E+00
    9.2706915116E+00    4.6500000000E+00
    9.2796040144E+00    4.6800000000E+00
    9.3388672037E+00    4.7100000000E+00
    9.2021113692E+00    4.7400000000E+00
    9.4945255745E+00    4.7700000000E+00
    9.8766181389E+00    4.8000000000E+00
    9.5151131274E+00    4.8300000000E+00
    9.7484670945E+00    4.8600000000E+00
    9.4599348745E+00    4.8900000000E+00
    9.6255175883E+00    4.9200000000E+00
    9.7356675397E+00    4.9500000000E+00
    9.9869467709E+00    4.9800000000E+00
    9.6630918926E+00    5.0100000000E+00
    9.3953552705E+00    5.0400000000E+00
    9.1361856348E+00    5.0700000000E+00
    9.7095660259E+00    5.1000000000E+00
    9.3816334557E+00    5.1300000000E+00
    9.7186075008E+00    5.1600000000E+00
    9.8524599600E+00    5.1900000000E+00
    9.6329496122E+00    5.2200000000E+00
    9.8168384690E+00    5.2500000000E+00
    9.8204330728E+00    5.2800000000E+00
    9.7633917285E+00    5.3100000000E+00
    9.8427260893E+00    5.3400000000E+00
    9.5516828558E+00    5.3700000000E+00
    9.3254234711E+00    5.4000000000E+00
    9.5216447158E+00    5.4300000000E+00
    9.7065835174E+00    5.4600000000E+00
    9.5630309814E+00    5.4900000000E+00
    9.9801356597E+00    5.5200000000E+00
    9.7439619678E+00    5.5500000000E+00
    9.4358511102E+00    5.5800000000E+00
    9.3833494284E+00    5.6100000000E+00
    9.4739906605E+00    5.6400000000E+00
    9.9624289550E+00    5.6700000000E+00
    9.7678039990E+00    5.7000000000E+00
    9.4976113075E+00    5.7300000000E+00
    9.3517383044E+00    5.7600000000E+00
    9.1471833709E+00    5.7900000000E+00
    9.2288863693E+00    5.8200000000E+00
    9.3566237703E+00    5.8500000000E+00
    9.3805363152E+00    5.8800000000E+00
    9.4958163716E+00    5.9100000000E+00
    9.2609632005E+00    5.9400000000E+00
    9.1911811380E+00    5.9700000000E+00
    9.4525972730E+00    6.0000000000E+00
    9.2119875528E+00    6.0300000000E+00
    9.3244304567E+00    6.0600000000E+00
    9.1312864653E+00    6.0900000000E+00
    9.2580752626E+00    6.1200000000E+00
    9.0893479086E+00    6.1500000000E+00
    9.0108089576E+00    6.1800000000E+00
    9.0204539472E+00    6.2100000000E+00
    9.0002200667E+00    6.2400000000E+00
    9.0273514933E+00    6.2700000000E+00
    9.0000145674E+00    6.3000000000E+00
