     #     T [K]    \rho(delta_nk) [meV]
    1.8500011977E+01    2.6700000000E+00
    1.8500000565E+01    2.7000000000E+00
    1.8500148963E+01    2.7300000000E+00
    1.8500039395E+01    2.7600000000E+00
    1.8519039741E+01    2.7900000000E+00
    1.8529682238E+01    2.8200000000E+00
    1.8501100499E+01    2.8500000000E+00
    1.8595816307E+01    2.8800000000E+00
    1.8620069017E+01    2.9100000000E+00
    1.8561440169E+01    2.9400000000E+00
    1.8659184839E+01    2.9700000000E+00
    1.8654508449E+01    3.0000000000E+00
    1.8671203109E+01    3.0300000000E+00
    1.8876855748E+01    3.0600000000E+00
    1.8709709321E+01    3.0900000000E+00
    1.8705613550E+01    3.1200000000E+00
    1.8869812280E+01    3.1500000000E+00
    1.8824245710E+01    3.1800000000E+00
    1.8667637934E+01    3.2100000000E+00
    1.8733355451E+01    3.2400000000E+00
    1.8769736957E+01    3.2700000000E+00
    1.8772946759E+01    3.3000000000E+00
    1.8653317504E+01    3.3300000000E+00
    1.8783035789E+01    3.3600000000E+00
    1.8615283264E+01    3.3900000000E+00
    1.8721728948E+01    3.4200000000E+00
    1.8754676052E+01    3.4500000000E+00
    1.8833403984E+01    3.4800000000E+00
    1.9265362945E+01    3.5100000000E+00
    1.8824005537E+01    3.5400000000E+00
    1.9231703444E+01    3.5700000000E+00
    1.8838849030E+01    3.6000000000E+00
    1.8938834528E+01    3.6300000000E+00
    1.9212205499E+01    3.6600000000E+00
    1.8694543063E+01    3.6900000000E+00
    1.9241307356E+01    3.7200000000E+00
    1.8981720049E+01    3.7500000000E+00
    1.8940340677E+01    3.7800000000E+00
    1.9022358474E+01    3.8100000000E+00
    1.9318775508E+01    3.8400000000E+00
    1.9119032378E+01    3.8700000000E+00
    1.8933496822E+01    3.9000000000E+00
    1.8983891130E+01    3.9300000000E+00
    1.9049474186E+01    3.9600000000E+00
    1.9005487968E+01    3.9900000000E+00
    1.9286984541E+01    4.0200000000E+00
    1.8923878459E+01    4.0500000000E+00
    1.9343557473E+01    4.0800000000E+00
    1.8983808670E+01    4.1100000000E+00
    1.8977104521E+01    4.1400000000E+00
    1.9104457388E+01    4.1700000000E+00
    1.8827446143E+01    4.2000000000E+00
    1.8859272355E+01    4.2300000000E+00
    1.8852005785E+01    4.2600000000E+00
    1.8912176234E+01    4.2900000000E+00
    1.8975915259E+01    4.3200000000E+00
    1.8886431778E+01    4.3500000000E+00
    1.9056982077E+01    4.3800000000E+00
    1.9500000000E+01    4.4100000000E+00
    1.9148336826E+01    4.4400000000E+00
    1.9097265142E+01    4.4700000000E+00
    1.8926129270E+01    4.5000000000E+00
    1.8843405714E+01    4.5300000000E+00
    1.9455945655E+01    4.5600000000E+00
    1.9009350190E+01    4.5900000000E+00
    1.8928334657E+01    4.6200000000E+00
    1.8782101423E+01    4.6500000000E+00
    1.9042969040E+01    4.6800000000E+00
    1.8840891139E+01    4.7100000000E+00
    1.9028693282E+01    4.7400000000E+00
    1.9025424730E+01    4.7700000000E+00
    1.8979691805E+01    4.8000000000E+00
    1.9171210481E+01    4.8300000000E+00
    1.9203192034E+01    4.8600000000E+00
    1.8991838151E+01    4.8900000000E+00
    1.8932339189E+01    4.9200000000E+00
    1.8711697615E+01    4.9500000000E+00
    1.8613695212E+01    4.9800000000E+00
    1.9291729725E+01    5.0100000000E+00
    1.9113336428E+01    5.0400000000E+00
    1.9443645046E+01    5.0700000000E+00
    1.8778512700E+01    5.1000000000E+00
    1.9250505656E+01    5.1300000000E+00
    1.8739632134E+01    5.1600000000E+00
    1.9275473439E+01    5.1900000000E+00
    1.9105766304E+01    5.2200000000E+00
    1.9108427306E+01    5.2500000000E+00
    1.8679839874E+01    5.2800000000E+00
    1.8691009017E+01    5.3100000000E+00
    1.8893330529E+01    5.3400000000E+00
    1.8720433212E+01    5.3700000000E+00
    1.9132240283E+01    5.4000000000E+00
    1.8715403256E+01    5.4300000000E+00
    1.8674884044E+01    5.4600000000E+00
    1.8896632598E+01    5.4900000000E+00
    1.8719734865E+01    5.5200000000E+00
    1.8853595455E+01    5.5500000000E+00
    1.8586737176E+01    5.5800000000E+00
    1.8743266605E+01    5.6100000000E+00
    1.8553169566E+01    5.6400000000E+00
    1.8509343695E+01    5.6700000000E+00
    1.8518293693E+01    5.7000000000E+00
    1.8500220785E+01    5.7300000000E+00
    1.8524153338E+01    5.7600000000E+00
    1.8500012878E+01    5.7900000000E+00
