       N       E                     dE             d eps       ncg     rms          rms(c)
DAV:   1     0.174540403392E+03    0.17454E+03   -0.29079E+04120960   0.146E+03
DAV:   2    -0.869257524396E+02   -0.26147E+03   -0.24077E+03157320   0.222E+02
