       N       E                     dE             d eps       ncg     rms          rms(c)
DAV:   1     0.983716314066E+02    0.98372E+02   -0.21816E+04120960   0.973E+02
DAV:   2    -0.908921869794E+02   -0.18926E+03   -0.17670E+03164664   0.179E+02
DAV:   3    -0.976049911416E+02   -0.67128E+01   -0.66665E+01179520   0.299E+01
DAV:   4    -0.976450360306E+02   -0.40045E-01   -0.40043E-01140856   0.268E+00
