       N       E                     dE             d eps       ncg     rms          rms(c)
DAV:   1     0.177260414916E+03    0.17726E+03   -0.29360E+04120960   0.148E+03
DAV:   2    -0.867723294506E+02   -0.26403E+03   -0.24316E+03158352   0.224E+02
