       N       E                     dE             d eps       ncg     rms          rms(c)
DAV:   1     0.177260414916E+03    0.17726E+03   -0.29360E+04120960   0.148E+03
DAV:   2    -0.867723294506E+02   -0.26403E+03   -0.24316E+03158352   0.224E+02
DAV:   3    -0.975804436691E+02   -0.10808E+02   -0.10697E+02181008   0.398E+01
DAV:   4    -0.976504449127E+02   -0.70001E-01   -0.69996E-01132912   0.364E+00
