       N       E                     dE             d eps       ncg     rms          rms(c)
DAV:   1     0.540357781865E+02    0.54036E+02   -0.17640E+04120960   0.723E+02
DAV:   2    -0.929054122610E+02   -0.14694E+03   -0.13832E+03168552   0.150E+02
