       N       E                     dE             d eps       ncg     rms          rms(c)
DAV:   1     0.157787718415E+03    0.15779E+03   -0.27426E+04120960   0.135E+03
DAV:   2    -0.878450872789E+02   -0.24563E+03   -0.22685E+03159264   0.213E+02
