       N       E                     dE             d eps       ncg     rms          rms(c)
DAV:   1     0.753596968637E+01    0.75360E+01   -0.33151E+02  6720   0.336E+01
DAV:   2     0.709867905796E-01   -0.74650E+01   -0.74406E+01 13392   0.549E+00
DAV:   3    -0.558636370574E-01   -0.12685E+00   -0.10741E+00  6744   0.126E+00
DAV:   4    -0.582443873999E-01   -0.23808E-02   -0.23267E-02  7368   0.148E-01
