       N       E                     dE             d eps       ncg     rms          rms(c)
DAV:   1     0.143113314022E+03    0.14311E+03   -0.25984E+04120960   0.125E+03
DAV:   2    -0.886016616013E+02   -0.23171E+03   -0.21460E+03161304   0.205E+02
