       N       E                     dE             d eps       ncg     rms          rms(c)
DAV:   1     0.143113314022E+03    0.14311E+03   -0.25984E+04120960   0.125E+03
DAV:   2    -0.886016616013E+02   -0.23171E+03   -0.21460E+03161304   0.205E+02
DAV:   3    -0.975927020550E+02   -0.89910E+01   -0.89112E+01180456   0.355E+01
DAV:   4    -0.976485671398E+02   -0.55865E-01   -0.55861E-01135000   0.322E+00
