       N       E                     dE             d eps       ncg     rms          rms(c)
DAV:   1     0.811804315041E+01    0.81180E+01   -0.34830E+02  8400   0.401E+01
DAV:   2     0.118190950204E+00   -0.79999E+01   -0.79718E+01 16320   0.581E+00
