       N       E                     dE             d eps       ncg     rms          rms(c)
DAV:   1     0.811804315041E+01    0.81180E+01   -0.34830E+02  8400   0.401E+01
DAV:   2     0.118190950204E+00   -0.79999E+01   -0.79718E+01 16320   0.581E+00
DAV:   3    -0.546638834395E-01   -0.17285E+00   -0.15065E+00  8640   0.149E+00
DAV:   4    -0.582116020727E-01   -0.35477E-02   -0.33350E-02  9264   0.181E-01
