       N       E                     dE             d eps       ncg     rms          rms(c)
DAV:   1     0.706745725317E+02    0.70675E+02   -0.19236E+04120960   0.816E+02
DAV:   2    -0.921669936793E+02   -0.16284E+03   -0.15287E+03166872   0.162E+02
