       N       E                     dE             d eps       ncg     rms          rms(c)
DAV:   1     0.534294073920E+02    0.53429E+02   -0.17621E+04 23040   0.723E+02
DAV:   2    -0.929227005097E+02   -0.14635E+03   -0.13781E+03 32496   0.150E+02
