       N       E                     dE             d eps       ncg     rms          rms(c)
DAV:   1     0.126024710924E+03    0.12602E+03   -0.24449E+04120960   0.114E+03
DAV:   2    -0.895082115010E+02   -0.21553E+03   -0.20039E+03162600   0.196E+02
