       N       E                     dE             d eps       ncg     rms          rms(c)
DAV:   1     0.126024710924E+03    0.12602E+03   -0.24449E+04120960   0.114E+03
DAV:   2    -0.895082115010E+02   -0.21553E+03   -0.20039E+03162600   0.196E+02
DAV:   3    -0.975981602495E+02   -0.80899E+01   -0.80258E+01180192   0.334E+01
