       N       E                     dE             d eps       ncg     rms          rms(c)
DAV:   1     0.885070262854E+01    0.88507E+01   -0.36649E+02  8400   0.488E+01
DAV:   2     0.195805435411E+00   -0.86549E+01   -0.86226E+01 15408   0.637E+00
