       N       E                     dE             d eps       ncg     rms          rms(c)
DAV:   1     0.536906938308E+02    0.53691E+02   -0.17651E+04202752   0.724E+02
DAV:   2    -0.929144844924E+02   -0.14661E+03   -0.13801E+03283008   0.150E+02
DAV:   3    -0.975872874088E+02   -0.46728E+01   -0.46495E+01295032   0.240E+01
DAV:   4    -0.976144103569E+02   -0.27123E-01   -0.27121E-01251664   0.209E+00
