       N       E                     dE             d eps       ncg     rms          rms(c)
DAV:   1     0.839974746793E+01    0.83997E+01   -0.36522E+02  8400   0.445E+01
DAV:   2     0.141449016166E+00   -0.82583E+01   -0.82317E+01 16128   0.600E+00
DAV:   3    -0.539964807012E-01   -0.19545E+00   -0.17275E+00  8736   0.163E+00
