       N       E                     dE             d eps       ncg     rms          rms(c)
DAV:   1     0.101755467705E+03    0.10176E+03   -0.22154E+04120960   0.995E+02
DAV:   2    -0.907251975348E+02   -0.19248E+03   -0.17965E+03164568   0.182E+02
