       N       E                     dE             d eps       ncg     rms          rms(c)
DAV:   1     0.105698088894E+03    0.10570E+03   -0.22499E+04120960   0.102E+03
DAV:   2    -0.905293382539E+02   -0.19623E+03   -0.18304E+03164136   0.184E+02
