       N       E                     dE             d eps       ncg     rms          rms(c)
DAV:   1     0.868063697850E+02    0.86806E+02   -0.20738E+04120960   0.907E+02
DAV:   2    -0.914375536558E+02   -0.17824E+03   -0.16681E+03165192   0.173E+02
