       N       E                     dE             d eps       ncg     rms          rms(c)
DAV:   1     0.868063697850E+02    0.86806E+02   -0.20738E+04120960   0.907E+02
DAV:   2    -0.914375536558E+02   -0.17824E+03   -0.16681E+03165192   0.173E+02
DAV:   3    -0.976034026517E+02   -0.61658E+01   -0.61257E+01178632   0.284E+01
DAV:   4    -0.976398764994E+02   -0.36474E-01   -0.36472E-01142608   0.254E+00
