       N       E                     dE             d eps       ncg     rms          rms(c)
DAV:   1     0.539555890471E+02    0.53956E+02   -0.17640E+04 82944   0.724E+02
DAV:   2    -0.928970495777E+02   -0.14685E+03   -0.13821E+03115920   0.150E+02
DAV:   3    -0.975863770444E+02   -0.46893E+01   -0.46668E+01120240   0.241E+01
