    1  126   12
 10.811
    1    1  0.0150  0.0000  0.0000
 -0.475039485266  -0.122807295613   0.000000000000
 -0.000211103200  -0.000204911563   0.000000000000
 -0.000362541608   0.000542106325   0.000000000000
  0.001123296324   0.000867480504   0.000000000000
 -0.000220724505   0.000012449717   0.000000000000
  0.000269889132   0.000275416050   0.000000000000
  0.000722769499  -0.000917921537   0.000000000000
  0.000212240293   0.000483864716   0.000000000000
  0.000033821670   0.000151343228   0.000000000000
 -0.006164490260   0.029539540779   0.000000000000
 -0.001007403554  -0.001075317978   0.000000000000
  0.000359555087  -0.000417006716   0.000000000000
 -0.003213911054   0.000768163688   0.000000000000
  0.000113019004   0.000086883154   0.000000000000
 -0.000212941073  -0.000143577603   0.000000000000
 -0.002037990846  -0.000132983227   0.000000000000
  0.000536443040  -0.000200394372   0.000000000000
  0.000040241950   0.000117146189   0.000000000000
  0.045841963601  -0.002776216047   0.000000000000
  0.000108795888  -0.000092637079   0.000000000000
  0.000258306611   0.000573091491   0.000000000000
 -0.001016062001   0.000578765787   0.000000000000
 -0.000109814654   0.000044140514   0.000000000000
 -0.000314177928   0.000543053580   0.000000000000
  0.024152902333  -0.002848658326   0.000000000000
  0.000750607182   0.000509637267   0.000000000000
  0.000642971360   0.000619722659   0.000000000000
 -0.000632481572  -0.004887352970   0.000000000000
 -0.000034528186  -0.000921316804   0.000000000000
 -0.000631266093  -0.000505768399   0.000000000000
 -0.000451421643   0.008753588322   0.000000000000
  0.000157338450   0.000247811344   0.000000000000
 -0.000436304296  -0.000217526579   0.000000000000
 -0.002058512504   0.000675210333   0.000000000000
  0.000371428841   0.000089760057   0.000000000000
 -0.000856240651   0.000250694589   0.000000000000
  0.036386296412   0.019382172711   0.000000000000
 -0.000028199069   0.000139166161   0.000000000000
 -0.000976297933  -0.001709724202   0.000000000000
  0.001038739225   0.000041542920   0.000000000000
 -0.000057580052   0.000029196944   0.000000000000
  0.000589473772  -0.001254499110   0.000000000000
 -0.003380149594   0.000713607045   0.000000000000
  0.000091315457   0.000211341253   0.000000000000
 -0.000182584101  -0.000236548182   0.000000000000
  0.001814928589  -0.002140883464   0.000000000000
 -0.003678160199  -0.000169719884   0.000000000000
 -0.000300882736  -0.000366977750   0.000000000000
 -0.001657324675   0.000480072300   0.000000000000
  0.000221831687   0.000105483403   0.000000000000
 -0.000065111898  -0.000140261462   0.000000000000
  0.001361950847   0.000409005595   0.000000000000
  0.000467553348  -0.000556288294   0.000000000000
  0.000401018932  -0.000538790057   0.000000000000
  0.006987806352   0.006109092706   0.000000000000
  0.000216372450   0.000122545642   0.000000000000
 -0.001161856630  -0.000194050187   0.000000000000
 -0.000156015740  -0.000291538451   0.000000000000
  0.000001286655   0.000018173604   0.000000000000
 -0.000422051462  -0.000163759450   0.000000000000
  0.001223621073   0.001246116287   0.000000000000
 -0.000415972645   0.000128312249   0.000000000000
  0.001274194414   0.000200688029   0.000000000000
  0.000419603465  -0.004090834905   0.000000000000
  0.000910467463   0.000031753700   0.000000000000
  0.000167904791  -0.000497801631   0.000000000000
  0.000312374383   0.000326077887   0.000000000000
  0.003646930839  -0.001523682154   0.000000000000
  0.000176361454  -0.000204426524   0.000000000000
  0.000504268091  -0.000046910647   0.000000000000
 -0.000039549818  -0.000030946128   0.000000000000
 -0.000007781030  -0.000355339914   0.000000000000
  0.065464320688   0.030325311932   0.040285748867
 -0.000025724558   0.000052666289  -0.000134474339
 -0.000061041529  -0.000089169022  -0.001152365961
 -0.000150553185  -0.000641749496  -0.000791886290
  0.000035420797   0.000012970877  -0.000002105744
 -0.000094045822  -0.000219496930  -0.000343782336
 -0.001853885717   0.001215196779   0.000201740393
  0.000024151193   0.000007211065  -0.000340292484
 -0.000175925204  -0.000097895153  -0.000377787925
  0.001678622246   0.006778070206   0.006256530154
  0.000413602758  -0.000531935163   0.001414370184
  0.000013572465   0.000116802342   0.000729596737
  0.000003403691   0.000113265697  -0.000431454557
 -0.000193136131  -0.000399973288   0.000563229753
  0.000037152678   0.000199034787   0.000402754018
 -0.000033555136   0.000074724856   0.000052086510
 -0.000141176659   0.000108317235   0.000135829447
  0.000057425789   0.000103746315   0.000355150542
  0.065464320688   0.030325311932  -0.040285748867
 -0.000025724558   0.000052666289   0.000134474339
 -0.000061041529  -0.000089169022   0.001152365961
 -0.000150553185  -0.000641749496   0.000791886290
  0.000035420797   0.000012970877   0.000002105744
 -0.000094045822  -0.000219496930   0.000343782336
 -0.001853885717   0.001215196779  -0.000201740393
  0.000024151193   0.000007211065   0.000340292484
 -0.000175925204  -0.000097895153   0.000377787925
  0.001678622246   0.006778070206  -0.006256530154
  0.000413602758  -0.000531935163  -0.001414370184
  0.000013572465   0.000116802342  -0.000729596737
  0.000003403691   0.000113265697   0.000431454557
 -0.000193136131  -0.000399973288  -0.000563229753
  0.000037152678   0.000199034787  -0.000402754018
 -0.000033555136   0.000074724856  -0.000052086510
 -0.000141176659   0.000108317235  -0.000135829447
  0.000057425789   0.000103746315  -0.000355150542
  0.127768280052   0.066135543209   0.000000000000
 -0.000414572927   0.000610288109   0.000000000000
 -0.000274908218   0.000000388150   0.000000000000
 -0.001547746475   0.002130821492   0.000000000000
 -0.000028319131  -0.000005216966   0.000000000000
  0.000116874224  -0.000357915175   0.000000000000
  0.001756773741   0.000073568180   0.000000000000
  0.000045389268  -0.000140521840   0.000000000000
  0.000225977532   0.000018355993   0.000000000000
  0.112759078719  -0.064762556446   0.000000000000
  0.000514212634  -0.000234301460   0.000000000000
  0.000397924505  -0.000595932758   0.000000000000
  0.001894376548   0.000852526677   0.000000000000
 -0.000052916327  -0.000132908942   0.000000000000
  0.000574482291   0.000232565088   0.000000000000
 -0.000032773151  -0.000990142607   0.000000000000
 -0.000455047088   0.000156003274   0.000000000000
  0.000386685596  -0.000007114153   0.000000000000
    1    2  0.0000  0.0150  0.0000
 -0.123096229600  -0.395825822773   0.000000000000
  0.000998535686  -0.001365190587   0.000000000000
 -0.000740419227  -0.001805585336   0.000000000000
 -0.000607802967  -0.001088584149   0.000000000000
  0.000466331460  -0.000172496457   0.000000000000
  0.000903854633   0.000025169221   0.000000000000
  0.000835553042  -0.001162867489   0.000000000000
  0.000546027937  -0.000042268730   0.000000000000
  0.000431710725  -0.000175347546   0.000000000000
  0.029540057847   0.091396226930   0.000000000000
 -0.001053263763   0.003370158494   0.000000000000
 -0.000164535482  -0.000074583668   0.000000000000
  0.000529879948   0.000272484685   0.000000000000
  0.000331486914   0.001881785769   0.000000000000
  0.000357541117   0.000067557701   0.000000000000
 -0.000141299625   0.000824948114   0.000000000000
  0.000126079552   0.000588888757   0.000000000000
  0.000483738562  -0.000076190307   0.000000000000
  0.002914616635  -0.018492561770   0.000000000000
 -0.001019640229  -0.001476644478   0.000000000000
  0.000635861470  -0.001921627848   0.000000000000
 -0.000673138981  -0.000344774134   0.000000000000
 -0.000863795311   0.000319305883   0.000000000000
 -0.000526625351   0.000355953518   0.000000000000
  0.002562161412  -0.007012355779   0.000000000000
 -0.000889307591  -0.000432819470   0.000000000000
 -0.000873075049  -0.000395918533   0.000000000000
 -0.008776943794   0.004785776051   0.000000000000
 -0.000354881514  -0.000178517745   0.000000000000
 -0.000113403708  -0.000178780424   0.000000000000
  0.005121398694   0.004760107495   0.000000000000
  0.000781133822  -0.000120906858   0.000000000000
  0.000080784453  -0.000081148335   0.000000000000
 -0.000674667743   0.000587260023   0.000000000000
 -0.000413318420   0.000571690341   0.000000000000
 -0.000609510645   0.000013373872   0.000000000000
  0.051118344529   0.122585279532   0.000000000000
 -0.000199293432  -0.000965224141   0.000000000000
 -0.002785264932   0.002904984939   0.000000000000
  0.000080383939   0.000646832278   0.000000000000
  0.000464088195  -0.000817071725   0.000000000000
  0.000184482886  -0.000510950632   0.000000000000
 -0.000605333646   0.001015442154   0.000000000000
 -0.000037340495  -0.000453517385   0.000000000000
  0.000166176020   0.000802476058   0.000000000000
 -0.004539639964  -0.009331338395   0.000000000000
 -0.000561662656   0.012775596965   0.000000000000
 -0.000115843190   0.000570064158   0.000000000000
  0.000140528108   0.000455784070   0.000000000000
  0.000564819485  -0.000013408312   0.000000000000
  0.000134155385   0.000150710746   0.000000000000
  0.000369907262  -0.000453270922   0.000000000000
  0.000876681013  -0.000611480903   0.000000000000
  0.000239611214  -0.000246581225   0.000000000000
 -0.000899425148   0.018572285545   0.000000000000
  0.000112351305  -0.000876559559   0.000000000000
  0.000639710736   0.002160152821   0.000000000000
  0.000138736027   0.000160341545   0.000000000000
 -0.000171579609  -0.000517636010   0.000000000000
 -0.000490702449  -0.000250647317   0.000000000000
 -0.000327490572   0.001211471193   0.000000000000
  0.000009154901  -0.000654470403   0.000000000000
  0.000341125110   0.000340522553   0.000000000000
  0.001653927864   0.004083145066   0.000000000000
 -0.002421746806   0.000993125925   0.000000000000
 -0.000092153881   0.000335060965   0.000000000000
  0.000373926956   0.000407745662   0.000000000000
  0.002599300119  -0.001832478109   0.000000000000
 -0.000143669436   0.000439786031   0.000000000000
  0.000187568969  -0.000059429548   0.000000000000
 -0.000292029737  -0.000404685413   0.000000000000
 -0.000116418704  -0.000319353588   0.000000000000
  0.030079041134   0.021130052248   0.014345952360
  0.000016439203  -0.000002279895   0.000626740490
  0.000037314996  -0.000381432600  -0.000145122644
  0.000199992826   0.000187293504   0.000830216227
  0.000126544994   0.000147360049   0.000298608325
 -0.000027514463  -0.000040288111   0.000205968640
  0.000367741958   0.000147435967   0.000563647208
  0.000010979458   0.000058989363   0.000454314706
  0.000131506296  -0.000251768198   0.000311342236
  0.008121855346   0.007917661823   0.003400985716
  0.001528415186  -0.001250673993  -0.000036091003
  0.000015503076  -0.000155155615  -0.000096057742
 -0.000933905102   0.000753569064   0.000380606514
  0.000436082756   0.000553326118   0.000827089257
 -0.000014869866  -0.000096167153  -0.000109371241
 -0.000272969919  -0.000450650541  -0.000575211826
 -0.000056843334  -0.000245938812  -0.000552411508
  0.000014338385  -0.000066349542   0.000037712636
  0.030079041134   0.021130052248  -0.014345952360
  0.000016439203  -0.000002279895  -0.000626740490
  0.000037314996  -0.000381432600   0.000145122644
  0.000199992826   0.000187293504  -0.000830216227
  0.000126544994   0.000147360049  -0.000298608325
 -0.000027514463  -0.000040288111  -0.000205968640
  0.000367741958   0.000147435967  -0.000563647208
  0.000010979458   0.000058989363  -0.000454314706
  0.000131506296  -0.000251768198  -0.000311342236
  0.008121855346   0.007917661823  -0.003400985716
  0.001528415186  -0.001250673993   0.000036091003
  0.000015503076  -0.000155155615   0.000096057742
 -0.000933905102   0.000753569064  -0.000380606514
  0.000436082756   0.000553326118  -0.000827089257
 -0.000014869866  -0.000096167153   0.000109371241
 -0.000272969919  -0.000450650541   0.000575211826
 -0.000056843334  -0.000245938812   0.000552411508
  0.000014338385  -0.000066349542  -0.000037712636
  0.056813740720   0.048175620665   0.000000000000
 -0.000498063909   0.000867123722   0.000000000000
  0.000242435610   0.000694880453   0.000000000000
  0.003388220558   0.001687709134   0.000000000000
  0.001445492566   0.000083266945   0.000000000000
 -0.000400852388   0.000665450420   0.000000000000
 -0.000237237906   0.000436357817   0.000000000000
  0.000226531248   0.000295837965   0.000000000000
  0.000144270997   0.000594644453   0.000000000000
 -0.090901142750   0.060615666339   0.000000000000
 -0.000526154889   0.000433777998   0.000000000000
  0.000302369325   0.000302931447   0.000000000000
  0.001415644011  -0.000311818186   0.000000000000
  0.000125543699   0.000173695088   0.000000000000
  0.000224372543   0.000635198882   0.000000000000
 -0.003542392487  -0.001973041336   0.000000000000
 -0.000142327659   0.000217989158   0.000000000000
 -0.000290035426   0.000806342619   0.000000000000
    1    3  0.0000  0.0000  0.0150
  0.000085267583  -0.000046681688  -0.081099256708
 -0.000160530868  -0.000079922465   0.000059056218
 -0.000035597640  -0.000021491980   0.000060846365
  0.000065009881   0.000047244091   0.000029391972
  0.000149761427   0.000074049164  -0.000087929679
  0.000189211174   0.000099042883  -0.000069647066
  0.000081322180   0.000052360812   0.000026790420
  0.000178284188   0.000083384732  -0.000071128462
  0.000231630332   0.000120182640  -0.000088771058
  0.000320900256   0.000205258965  -0.010060306814
 -0.000066568638  -0.000006515447  -0.000204028322
  0.000053944868   0.000038990749   0.000003419060
  0.000247053107   0.000127686453  -0.003173023639
 -0.000145352892  -0.000069039239  -0.000504429999
 -0.000020395066  -0.000003648153   0.000036000575
 -0.000135618444  -0.000057411474  -0.000122802621
  0.000163337736   0.000073677263  -0.000028541073
  0.000381054544   0.000184230768  -0.000001018056
 -0.000091557991   0.000036631315  -0.006620919194
  0.000156445438  -0.000070832668   0.000004546497
  0.000031408518  -0.000018447590   0.000006516167
 -0.000067365277   0.000043575991   0.000057858961
 -0.000139597922   0.000065145447   0.000033642697
 -0.000184523851   0.000098088119   0.000034512330
 -0.000095934245   0.000055772655  -0.000262228543
 -0.000185907977   0.000087425721  -0.000092437983
 -0.000229751947   0.000118602600  -0.000091093037
 -0.000305538174   0.000144712776   0.007753706892
  0.000094835982  -0.000038227917   0.000767519672
 -0.000041369069   0.000029077809  -0.000038165280
 -0.000251132799   0.000126394009   0.007733192431
  0.000128867719  -0.000066884135   0.000767475478
  0.000009813331   0.000005537952  -0.000038685506
  0.000136071135  -0.000056615480   0.000139200063
 -0.000165260154   0.000076823615  -0.000044543150
 -0.000380870752   0.000186116901   0.000111063639
  0.000063506466  -0.000022717960  -0.016271696247
 -0.000084846885   0.000113081955  -0.000042692587
 -0.000026602272   0.000014060218  -0.000333951800
  0.000026023870  -0.000027173165  -0.000167548293
  0.000085446171  -0.000123854619   0.000002961813
  0.000108387119  -0.000168326714  -0.000199693255
  0.000050012545  -0.000079732322  -0.000436339931
  0.000109817621  -0.000163787114  -0.000175830570
  0.000109848831  -0.000147242836  -0.000148461607
  0.000153334766  -0.000221546915   0.008904489946
  0.000001803634  -0.000008061406   0.001587904592
  0.000015605357  -0.000021250566   0.000004878503
  0.000147237619  -0.000209453420   0.001807906610
 -0.000078818747   0.000102049743   0.000876903379
 -0.000023153927   0.000014247788   0.000004783670
 -0.000077106982   0.000083755367  -0.000075944105
  0.000085200713  -0.000128921897   0.000065451216
  0.000206256441  -0.000288359863  -0.000093570716
 -0.000058774556  -0.000046190776   0.002517845746
  0.000084034746   0.000114467496  -0.000096265778
  0.000014533061   0.000001789426  -0.000388953151
 -0.000044305732  -0.000067046198   0.000090446886
 -0.000088665884  -0.000135520778  -0.000073723602
 -0.000087964447  -0.000114596560  -0.000029676580
 -0.000032021837  -0.000041970022  -0.000232874386
 -0.000104888785  -0.000154423935   0.000091486741
 -0.000133855498  -0.000202928753  -0.002439065360
 -0.000167810333  -0.000245411276  -0.000271100921
  0.000038248872   0.000059497557  -0.000640593526
 -0.000010337851  -0.000033111761  -0.000011127754
 -0.000143996052  -0.000175778628   0.002450982116
  0.000067705145   0.000090456228   0.003801323316
  0.000017626199   0.000026825773  -0.000019583963
  0.000077716386   0.000088719542  -0.000142007379
 -0.000082292638  -0.000127950422   0.000036236949
 -0.000206897944  -0.000288636993   0.000172630275
  0.037389253501   0.015370661834   0.039555185256
 -0.000011387313  -0.000039001004  -0.000028165041
 -0.000051689571  -0.000121673998  -0.000004182418
  0.000173162093   0.000013961281   0.000075540478
 -0.000007460918  -0.000038476850   0.000076198367
  0.000031263209  -0.000003533183   0.000080606085
  0.000424128611  -0.000369949905   0.000082726748
  0.000157277567  -0.000047481787   0.000092329932
  0.000324187538   0.000184870526   0.000213571608
  0.010849013897   0.016427303691   0.001212835422
  0.000408605862  -0.000839823868   0.000001197445
 -0.000007302086  -0.000013452428   0.000090085110
 -0.000640848625   0.000921635874  -0.000630726707
 -0.000067013439  -0.000006335434  -0.000101382910
 -0.000022883232  -0.000022232313   0.000041054451
 -0.000020765643  -0.000097632894   0.000099608930
 -0.000033081152   0.000002655712   0.000079728558
  0.000100278107  -0.000000299776   0.000064145252
 -0.037380017744  -0.015390302931   0.039523312586
  0.000015312769   0.000070816772   0.000023578123
  0.000055425431   0.000113336242  -0.000056560033
 -0.000171168287  -0.000025668634  -0.000055333474
 -0.000005451019   0.000007796499   0.000041953555
 -0.000034388611  -0.000038929825  -0.000053547422
 -0.000425448653   0.000345568834  -0.000058576491
 -0.000145714433   0.000006380325   0.000039285247
 -0.000326081249  -0.000236017827   0.000048096606
 -0.010856922761  -0.016515853514   0.001087834136
 -0.000434013069   0.000882140326  -0.000006672146
 -0.000001582125  -0.000010300328  -0.000025062018
  0.000635158624  -0.000961755663  -0.000740976028
  0.000075606176   0.000035859326  -0.000085169296
  0.000026785548   0.000014578259  -0.000033244007
  0.000022451916   0.000108318084  -0.000019877972
  0.000036162459  -0.000056434054  -0.000015359880
 -0.000098349184  -0.000066791757  -0.000104909750
  0.000025547685   0.000280535406   0.015744115810
 -0.000011342809  -0.000081899329   0.000338362770
 -0.000004159814   0.000030016966  -0.000082779173
  0.000002279716   0.000213503284   0.000016170290
  0.000010515960  -0.000124067923  -0.000725827223
  0.000001965029  -0.000026824581   0.000086105242
  0.000000187301  -0.000129888703   0.000249826916
  0.000000786680   0.000145777014  -0.000010528786
  0.000001074015   0.000328423638  -0.000011570991
 -0.000022154288   0.000100630607  -0.011810153290
 -0.000003773225  -0.000154225893   0.000248377051
  0.000003985681  -0.000047314748   0.000117865400
  0.000016132739   0.000049674561   0.000013479049
 -0.000012532227   0.000128163450  -0.000044419579
 -0.000006253686   0.000155264298  -0.000016917313
 -0.000009319851   0.000060858618   0.000293989611
  0.000011173128   0.000161249065  -0.000026422457
  0.000002032881   0.000196937272   0.000059884874
   37    1  0.0150  0.0000  0.0000
  0.036645700861   0.051274236650   0.000000000000
 -0.001185552353  -0.002627453272   0.000000000000
 -0.000042112995  -0.000404640774   0.000000000000
 -0.003056312584  -0.000538331718   0.000000000000
 -0.000452800426  -0.000131140252   0.000000000000
  0.000208225360  -0.000139786830   0.000000000000
  0.000893302208  -0.000074714577   0.000000000000
  0.000530465093  -0.000057759361   0.000000000000
  0.000124848541   0.000317324488   0.000000000000
  0.001891309890  -0.004412988142   0.000000000000
 -0.003652528669  -0.000566937361   0.000000000000
 -0.000315598136  -0.000267202946   0.000000000000
 -0.001461067554   0.000330388316   0.000000000000
  0.000098515873   0.000390971737   0.000000000000
 -0.000133651590  -0.000179591952   0.000000000000
  0.001252811014   0.000324403105   0.000000000000
  0.000533860724   0.000742193952   0.000000000000
  0.000514303484   0.000098174353   0.000000000000
  0.006748904708   0.001075537789   0.000000000000
 -0.000947477572  -0.000472112486   0.000000000000
  0.000223204556  -0.000314705984   0.000000000000
 -0.000246736449  -0.000150524563   0.000000000000
 -0.000168176533   0.000147748390   0.000000000000
 -0.000194550570   0.000041340066   0.000000000000
  0.001156501429   0.000252318670   0.000000000000
  0.001340083043  -0.000552303940   0.000000000000
 -0.000511895295  -0.000130254586   0.000000000000
  0.000138812186  -0.000183338844   0.000000000000
  0.003503334080  -0.002625606869   0.000000000000
  0.000082026342  -0.000110115631   0.000000000000
  0.000342256658  -0.001546310110   0.000000000000
  0.001119954155   0.002302138905   0.000000000000
  0.000347771488  -0.000118993319   0.000000000000
  0.000599581307  -0.000241133407   0.000000000000
 -0.000098737485   0.000169229118   0.000000000000
 -0.000125764745  -0.000021412135   0.000000000000
 -0.372120668010   0.197608796921   0.000000000000
 -0.000160934362   0.000056730322   0.000000000000
  0.000003435231   0.000464909698   0.000000000000
 -0.000699216381   0.000832618427   0.000000000000
  0.000050186377  -0.000056131540   0.000000000000
 -0.000797234138   0.000266134435   0.000000000000
 -0.000814101664   0.000368740121   0.000000000000
 -0.000888149447  -0.000179132685   0.000000000000
  0.000214866487   0.000460315867   0.000000000000
 -0.000672204871  -0.001292484099   0.000000000000
  0.110774324682  -0.106962877888   0.000000000000
 -0.000152366264   0.000424188675   0.000000000000
  0.002159905324  -0.001546487865   0.000000000000
  0.001391973686  -0.000192545331   0.000000000000
 -0.000264532209   0.000037630471   0.000000000000
 -0.000170785817  -0.000265386374   0.000000000000
  0.000826976798  -0.000157612792   0.000000000000
  0.000263394304  -0.000337081907   0.000000000000
  0.103204701996  -0.014793067896   0.000000000000
  0.000707766861  -0.000181707394   0.000000000000
  0.000534260968   0.000410025328   0.000000000000
  0.000410199170   0.000371826211   0.000000000000
  0.000401013948   0.000066385936   0.000000000000
  0.000218104366   0.000297858941   0.000000000000
 -0.001202350796   0.001270162944   0.000000000000
 -0.000221873304  -0.000001583394   0.000000000000
 -0.000284358206  -0.000684867600   0.000000000000
  0.000854035283   0.002188638480   0.000000000000
  0.007001473709  -0.006511699471   0.000000000000
  0.000039690819   0.000058835795   0.000000000000
  0.000868455440  -0.001367552024   0.000000000000
  0.007114752638   0.002209788698   0.000000000000
  0.000140224548   0.000502880264   0.000000000000
 -0.000552876943  -0.000111449054   0.000000000000
 -0.000330452351  -0.000367453338   0.000000000000
 -0.000243748571  -0.000337217135   0.000000000000
  0.036826127822  -0.052321016812   0.021250285806
  0.000123190412   0.000132326263  -0.000354298294
 -0.000091402048  -0.000126745751  -0.000200418732
  0.000464170963   0.000196664707   0.000815968000
 -0.000012807237   0.000122836647   0.000190380007
  0.000038227431  -0.000155148516   0.000177690419
  0.000608230188  -0.000418494255  -0.000149951399
  0.000081217045   0.000005864480  -0.000298729908
  0.000190509406  -0.000097473189   0.000014762023
  0.000859031940  -0.000071257867  -0.000229498869
  0.003460125730  -0.000167159120   0.003467360392
  0.000054169481   0.000115283299   0.000234210297
 -0.000222887441   0.000005872582   0.002258469176
 -0.001066423550  -0.000829775118   0.000524219435
 -0.000065012353   0.000055783284   0.000110165698
 -0.000274067382  -0.000165273694  -0.000422576050
 -0.000108281779  -0.000144029865  -0.000396034275
 -0.000045864981   0.000017723806   0.000027277577
  0.036826127822  -0.052321016812  -0.021250285806
  0.000123190412   0.000132326263   0.000354298294
 -0.000091402048  -0.000126745751   0.000200418732
  0.000464170963   0.000196664707  -0.000815968000
 -0.000012807237   0.000122836647  -0.000190380007
  0.000038227431  -0.000155148516  -0.000177690419
  0.000608230188  -0.000418494255   0.000149951399
  0.000081217045   0.000005864480   0.000298729908
  0.000190509406  -0.000097473189  -0.000014762023
  0.000859031940  -0.000071257867   0.000229498869
  0.003460125730  -0.000167159120  -0.003467360392
  0.000054169481   0.000115283299  -0.000234210297
 -0.000222887441   0.000005872582  -0.002258469176
 -0.001066423550  -0.000829775118  -0.000524219435
 -0.000065012353   0.000055783284  -0.000110165698
 -0.000274067382  -0.000165273694   0.000422576050
 -0.000108281779  -0.000144029865   0.000396034275
 -0.000045864981   0.000017723806  -0.000027277577
  0.004415660289   0.008835966881   0.000000000000
 -0.004528320404   0.005832155379   0.000000000000
  0.000008033780   0.000129457553   0.000000000000
  0.004203837529  -0.005266822735   0.000000000000
  0.001028486025  -0.000541863258   0.000000000000
 -0.000011154619   0.000006376778   0.000000000000
 -0.000927027612   0.000053863927   0.000000000000
 -0.000284719312   0.000234944154   0.000000000000
  0.000069726255   0.000311491585   0.000000000000
  0.012160707731  -0.017332254902   0.000000000000
  0.001534048922   0.000478759429   0.000000000000
  0.000170711085   0.000359393162   0.000000000000
  0.000643805396  -0.000445308299   0.000000000000
  0.000313064390  -0.000514293193   0.000000000000
 -0.000022012058   0.000251599947   0.000000000000
 -0.002015114657   0.000145895501   0.000000000000
 -0.001435913969   0.000715661869   0.000000000000
 -0.000267025409   0.000284238232   0.000000000000
   37    2  0.0000  0.0150  0.0000
  0.019231988365   0.122456134626   0.000000000000
 -0.001879723457   0.002457987163   0.000000000000
 -0.000194291691  -0.000868149561   0.000000000000
  0.000360026754   0.001013871702   0.000000000000
 -0.000147035338   0.001070527699   0.000000000000
 -0.000119890122  -0.000380869455   0.000000000000
  0.000137795570   0.000821133476   0.000000000000
 -0.001154930383  -0.000175222033   0.000000000000
 -0.000361862389  -0.000658434160   0.000000000000
 -0.002154668866  -0.009437137996   0.000000000000
 -0.000406555596   0.012668173006   0.000000000000
 -0.000391976896   0.000806159224   0.000000000000
  0.000437536835   0.000332181842   0.000000000000
 -0.000116152780   0.000020350754   0.000000000000
 -0.000346732183   0.000451194629   0.000000000000
  0.000528903179  -0.000379111306   0.000000000000
 -0.001112419626  -0.000653378317   0.000000000000
 -0.000909121243  -0.000136127760   0.000000000000
 -0.005856924849   0.018374216820   0.000000000000
  0.000370443204   0.001678799786   0.000000000000
  0.000218742575  -0.000770043458   0.000000000000
  0.000339864490   0.000253363549   0.000000000000
  0.000082856433   0.000092993614   0.000000000000
  0.000417208349  -0.000405014429   0.000000000000
 -0.001052523006   0.001284609473   0.000000000000
 -0.000314312703   0.000639386540   0.000000000000
  0.000147420779  -0.000544793660   0.000000000000
 -0.000201440963   0.000184057228   0.000000000000
  0.001941739284  -0.001932144617   0.000000000000
  0.000389019759   0.000791203044   0.000000000000
  0.003990162965   0.004059501937   0.000000000000
  0.000066776690   0.000931013429   0.000000000000
  0.000547060492   0.000511388325   0.000000000000
 -0.000055171671   0.000026132279   0.000000000000
  0.000532888881  -0.000437445310   0.000000000000
  0.000729734657  -0.000201397045   0.000000000000
  0.197514107163  -0.464436113172   0.000000000000
  0.000440280908   0.000472386513   0.000000000000
 -0.000352056853   0.000679628327   0.000000000000
  0.000240709135   0.000256751653   0.000000000000
  0.000542202739  -0.000420337808   0.000000000000
 -0.000373323323  -0.000412822354   0.000000000000
  0.000922819836   0.000167859271   0.000000000000
  0.000425541364  -0.000689225343   0.000000000000
 -0.000365428432  -0.000223412517   0.000000000000
 -0.001220139651   0.000822758920   0.000000000000
 -0.107126597476   0.136029914210   0.000000000000
  0.000367363123  -0.000581748005   0.000000000000
 -0.001426329973   0.001571702231   0.000000000000
 -0.000349305154  -0.000908917266   0.000000000000
 -0.000138244243   0.000451854684   0.000000000000
 -0.000273363976   0.000141880456   0.000000000000
 -0.000412896073   0.000672970815   0.000000000000
 -0.000475833498   0.000934408188   0.000000000000
  0.014891391576   0.030764231092   0.000000000000
 -0.000397996001  -0.000714597901   0.000000000000
  0.000599829122  -0.000521200458   0.000000000000
 -0.000414135095  -0.000557629473   0.000000000000
 -0.000406992165   0.000235033364   0.000000000000
  0.000269563672   0.000482619502   0.000000000000
 -0.001207188913   0.000106510429   0.000000000000
  0.000563084713   0.000180874167   0.000000000000
  0.000163590882   0.000422217490   0.000000000000
  0.001304933650   0.000248218349   0.000000000000
 -0.001936627263  -0.001546366038   0.000000000000
 -0.000319857100   0.000147779248   0.000000000000
 -0.002305621023   0.000188620955   0.000000000000
  0.006522133775  -0.001690343179   0.000000000000
 -0.000028553631   0.000145747362   0.000000000000
  0.000129633779  -0.000337755896   0.000000000000
  0.000583871662   0.001033670495   0.000000000000
  0.000490312191   0.000285361596   0.000000000000
 -0.052031610522   0.057977814285  -0.028600344358
 -0.000226062461   0.000253300802   0.000158241939
  0.000082761136   0.000213813659   0.000721062842
  0.000059795257  -0.000068366619  -0.000377330676
 -0.000137374511   0.000214419134  -0.000375427332
 -0.000085811429   0.000060438062   0.000011207996
  0.000227406887  -0.000157552327  -0.000336460652
  0.000220035426   0.000060388770   0.000813174462
 -0.000085880222   0.000129488896   0.000105701878
  0.000184699466  -0.001374528781  -0.000202794235
 -0.001639903330   0.003151246429  -0.006262024960
 -0.000077457675  -0.000017909548  -0.000571673573
  0.000877159512  -0.000023624879  -0.002151806099
 -0.000313466494  -0.000442471877   0.000705776765
  0.000030910250  -0.000123883858  -0.000309214636
  0.000001896782   0.000138775417   0.000350703167
 -0.000047151174   0.000024245446   0.000337865950
  0.000068158642  -0.000033739870  -0.000195675514
 -0.052031610522   0.057977814285   0.028600344358
 -0.000226062461   0.000253300802  -0.000158241939
  0.000082761136   0.000213813659  -0.000721062842
  0.000059795257  -0.000068366619   0.000377330676
 -0.000137374511   0.000214419134   0.000375427332
 -0.000085811429   0.000060438062  -0.000011207996
  0.000227406887  -0.000157552327   0.000336460652
  0.000220035426   0.000060388770  -0.000813174462
 -0.000085880222   0.000129488896  -0.000105701878
  0.000184699466  -0.001374528781   0.000202794235
 -0.001639903330   0.003151246429   0.006262024960
 -0.000077457675  -0.000017909548   0.000571673573
  0.000877159512  -0.000023624879   0.002151806099
 -0.000313466494  -0.000442471877  -0.000705776765
  0.000030910250  -0.000123883858   0.000309214636
  0.000001896782   0.000138775417  -0.000350703167
 -0.000047151174   0.000024245446  -0.000337865950
  0.000068158642  -0.000033739870   0.000195675514
  0.009374139418   0.007808209461   0.000000000000
  0.002137200815   0.001013626777   0.000000000000
  0.000132119568  -0.000161063822   0.000000000000
 -0.000871771980   0.000605530482   0.000000000000
 -0.000173795623  -0.000623251038   0.000000000000
 -0.000157320232  -0.000136897362   0.000000000000
 -0.000055766451  -0.000172406026   0.000000000000
  0.000417922254  -0.000295278719   0.000000000000
 -0.000013071431  -0.000551536718   0.000000000000
 -0.024037980600   0.020223589994   0.000000000000
 -0.001303239728  -0.002338756063   0.000000000000
 -0.000072088147  -0.000249393281   0.000000000000
 -0.000662740564  -0.000131423693   0.000000000000
 -0.000328004905  -0.000406619729   0.000000000000
  0.000045065977  -0.000449075534   0.000000000000
  0.000138426601   0.000414750752   0.000000000000
  0.001016361616  -0.001399942561   0.000000000000
  0.000063017382  -0.000461410145   0.000000000000
   37    3  0.0000  0.0000  0.0150
 -0.000246901938  -0.000041170953  -0.016257382813
 -0.000175129041  -0.000074073041  -0.000333738531
  0.000431956252   0.000256060816  -0.000044684621
  0.000081945203   0.000042104805  -0.000437933072
 -0.000458867198  -0.000244747164  -0.000149940924
  0.000265809967   0.000147511470  -0.000173554386
 -0.000262470864  -0.000149575964  -0.000171429632
 -0.000288215683  -0.000169113227  -0.000200575465
  0.000254089510   0.000133094371   0.000004649339
 -0.000507375204  -0.000301947725   0.008896060947
  0.000018600281  -0.000033467349   0.001615701861
 -0.000123821930  -0.000074064293   0.000003287179
 -0.000483015303  -0.000261113964   0.001793177398
  0.000094671374   0.000056039029   0.000868120112
 -0.000132238310  -0.000062692849   0.000004708679
  0.000695618791   0.000354566935  -0.000078728126
  0.000186122750   0.000103630702   0.000065905707
 -0.000102813548  -0.000049452359  -0.000091769701
  0.000256792235  -0.000119292081   0.002548848139
  0.000178161748  -0.000093906714  -0.000387634269
 -0.000430219275   0.000255792988  -0.000096095142
 -0.000064193551   0.000016954647   0.000088764721
  0.000451034634  -0.000246138116  -0.000030219099
 -0.000280968582   0.000142904571  -0.000071903899
  0.000239194571  -0.000118446982  -0.000233753526
  0.000293606817  -0.000160844643  -0.002448008306
 -0.000244485192   0.000137985261   0.000089829250
  0.000522833760  -0.000266921187   0.002457030453
 -0.000046258343   0.000042503387   0.003795806620
  0.000129416605  -0.000064130018  -0.000021035517
  0.000425740944  -0.000234149572  -0.000277818253
 -0.000100433872   0.000051855228  -0.000635068417
  0.000127132112  -0.000074911999  -0.000013276521
 -0.000692556980   0.000349322269  -0.000143686863
 -0.000189932749   0.000103556932   0.000035670928
  0.000101934630  -0.000048869688   0.000173093130
 -0.000121471191   0.000087124270  -0.107613339740
 -0.000089666619   0.000127415071   0.000520387699
  0.000238177001  -0.000275197734   0.000515900648
  0.000028782057  -0.000062740197  -0.000101140447
 -0.000253134601   0.000331261248  -0.000026880859
  0.000143390120  -0.000157570634  -0.000816289912
 -0.000175844371   0.000231468760  -0.000099552050
 -0.000147658768   0.000211905566  -0.000815802939
  0.000159287547  -0.000253700190  -0.000027847973
 -0.000263375343   0.000329893565  -0.001140297543
 -0.000085393649   0.000125760919   0.028329636128
 -0.000080178346   0.000123033433  -0.000075665142
 -0.000289359410   0.000359890592   0.005256100619
  0.000087335612  -0.000093693175  -0.000595024382
 -0.000089186729   0.000138297878  -0.000000891574
  0.000391719852  -0.000547868955   0.000037614255
  0.000136150338  -0.000143387660  -0.000028046996
 -0.000064696392   0.000102269704  -0.000044012785
  0.000153877671   0.000150356296   0.002778794453
  0.000089096173   0.000134996513   0.000514169581
 -0.000233408860  -0.000276793459   0.000511154901
 -0.000001187112  -0.000011095049   0.000114499984
  0.000240744473   0.000331120960  -0.000018833964
 -0.000179226920  -0.000275268378  -0.000017555366
  0.000137893170   0.000159639402   0.000620930112
  0.000159126678   0.000206007981  -0.000176870066
 -0.000126755966  -0.000135402010  -0.000179789350
  0.000296616570   0.000369935473  -0.001682026310
  0.000012168209  -0.000015290854   0.000802788634
  0.000088974420   0.000124996002  -0.000049501490
  0.000265465597   0.000278819358  -0.001692193742
 -0.000065278470  -0.000052364219   0.000779678069
  0.000077318834   0.000121301916  -0.000050305695
 -0.000382759509  -0.000530487988   0.000138463282
 -0.000147264615  -0.000181018816  -0.000074386542
  0.000066704184   0.000118272332   0.000144209971
  0.033249600077  -0.030679752704   0.043030625026
  0.000044068459   0.000332114308  -0.000033654291
 -0.000002541738   0.000134988467   0.000143393114
  0.000115281950  -0.000067568416   0.000059889534
 -0.000008610706  -0.000037734452  -0.000101288055
  0.000048134493   0.000148086934   0.000053470634
  0.000268445595   0.000012902920   0.000004194314
  0.000490975358  -0.000737149019   0.000157774310
  0.000125334602  -0.000071405110   0.000007431629
  0.000409875234   0.001046417331   0.000356880899
  0.007435940765  -0.009824366141  -0.002009096720
  0.000000027758   0.000004431856   0.000049552913
 -0.001523731279   0.002113680904  -0.001118839091
 -0.000426728572  -0.000768528252  -0.000113761026
 -0.000004455204   0.000020431408   0.000034403698
 -0.000004392454  -0.000053869314   0.000143484180
 -0.000055016515  -0.000013401656  -0.000029310686
  0.000123248123  -0.000024888689   0.000057914744
 -0.033256660983   0.030765282398   0.043312863793
 -0.000048458745  -0.000300595081  -0.000048157041
  0.000003384535  -0.000179228178  -0.000067038476
 -0.000144574384   0.000017162347  -0.000004837531
 -0.000013793304   0.000117911551   0.000089387206
 -0.000059958115  -0.000168401238   0.000074462788
 -0.000234402422   0.000006884088   0.000073680226
 -0.000466794290   0.000792554812   0.000317256530
 -0.000112982434   0.000045705265   0.000013132016
 -0.000394693979  -0.000968160159   0.000610127313
 -0.007380186800   0.009794309210  -0.001956243237
  0.000020636628   0.000028254999   0.000007146958
  0.001557135809  -0.002093319850  -0.000917142549
  0.000428896677   0.000777145860  -0.000015180491
 -0.000018139821   0.000024439868   0.000015828047
 -0.000003398299  -0.000121072908  -0.000165132202
  0.000052602842   0.000019203864   0.000049363927
 -0.000123344963   0.000056962436  -0.000034370147
 -0.000018802361  -0.000489162793  -0.000882966634
  0.000004051688   0.000077664096   0.001607063891
  0.000023378000  -0.000116785387  -0.000042106380
  0.000023269188  -0.000404935791  -0.002883720946
 -0.000017683803   0.000101609333   0.000807660265
 -0.000022194487  -0.000122108542  -0.000005955655
 -0.000014650785   0.000622532987   0.000021609165
  0.000001586509   0.000166731683   0.000028830670
 -0.000000889730  -0.000089196709   0.000150716935
  0.000021955171  -0.000273513439  -0.007200809160
  0.000010536292  -0.000139527910   0.000280799605
  0.000001585877   0.000372155878  -0.000157228549
 -0.000051225909   0.000077548069   0.000100630134
 -0.000018861941  -0.000387241453   0.000067040249
 -0.000018594221   0.000236426435  -0.000039017490
  0.000043608973  -0.000208131544   0.000007037610
  0.000023649282  -0.000249540225   0.000201175680
  0.000016812097   0.000219304212   0.000010537505
   73    1  0.0150  0.0000  0.0000
  0.065403891570   0.030049372664   0.037427282914
  0.000111829137   0.000136597758  -0.000051330075
  0.000008965204   0.000029687728  -0.000011738429
 -0.001865643816   0.000349904339   0.000419973419
 -0.000073063336   0.000188954724   0.000325629329
 -0.000033475259  -0.000034022315   0.000153036435
 -0.000309670704   0.000101524774   0.000173875288
 -0.000217580085  -0.000090987027   0.000034791512
 -0.000172354642   0.000012152818   0.000000207772
  0.001708620866   0.008180478044   0.010854308049
  0.000309930535   0.001463510936   0.000419732342
 -0.000153224712  -0.000053555614  -0.000001618547
 -0.000007305191  -0.000932584101  -0.000628391088
 -0.000291760506   0.000372190394  -0.000067977955
 -0.000017034824  -0.000064021784  -0.000023237676
  0.000063067690  -0.000221805100  -0.000019079299
 -0.000115317898  -0.000048609444  -0.000032613192
  0.000065455334   0.000026259247   0.000100144856
  0.065515560247  -0.030085492432  -0.037445923999
 -0.000218655763   0.000043427521   0.000055996366
 -0.000053835365  -0.000011046891   0.000014428399
 -0.000155577276  -0.000195438821  -0.000169334414
 -0.000201504200   0.000087325633  -0.000030359897
  0.000101160624  -0.000178093137   0.000003760037
 -0.001707722583  -0.000448765555  -0.000417584691
 -0.000075804908  -0.000176118941  -0.000323602471
  0.000221972453  -0.000112538990  -0.000150111054
 -0.000056514001   0.000982356920   0.000637246775
 -0.000095559191  -0.000501432931   0.000059624055
  0.000207656298  -0.000056928531   0.000026623969
  0.001661496919  -0.008146135243  -0.010866416041
  0.000513089210  -0.001601626443  -0.000419414379
  0.000083322831  -0.000073546756   0.000004474559
 -0.000129762506   0.000322932798   0.000023025126
 -0.000174901285   0.000068524247   0.000036648768
  0.000024352846   0.000009740864  -0.000096607274
  0.036775929499  -0.051979406149   0.033190190516
  0.000009080130  -0.000043639754  -0.000002591788
  0.000147844969  -0.000257568074   0.000047413174
  0.000604767228   0.000241133850   0.000248580641
  0.000253694829  -0.000155555721   0.000121147473
  0.000032995294   0.000269550995   0.000484071964
  0.000370816315   0.000172832502   0.000131297389
 -0.000033840300   0.000003698941   0.000057617063
 -0.000129039263   0.000016664987   0.000003433543
  0.000911995182   0.000163316509   0.000405434106
  0.003405908645  -0.001576054250   0.007396111002
 -0.000046937502   0.000053324578  -0.000007774413
 -0.000238376059   0.000893722636  -0.001544344842
 -0.001123031827  -0.000267793761  -0.000436921120
 -0.000086084895   0.000044903469   0.000008554947
 -0.000213132876  -0.000065245396   0.000000654702
 -0.000092811890  -0.000059926218  -0.000050828638
 -0.000039178750   0.000062550805   0.000125091652
  0.036856716476   0.052092550553  -0.033234141178
 -0.000188347945  -0.000189816506   0.000004641396
  0.000101971005   0.000202537063  -0.000044240263
  0.000466263476  -0.000057648633  -0.000127615409
 -0.000020098289   0.000005522632  -0.000052456959
  0.000025299316   0.000179237598  -0.000000078906
  0.000698026386  -0.000110640084  -0.000245665650
  0.000253683337   0.000178066779  -0.000117711616
  0.000186635635  -0.000077501851  -0.000480040937
 -0.000261486361  -0.000893535269   0.001556600314
 -0.001012305896   0.000415121459   0.000442630004
  0.000034695996   0.000118711661  -0.000004706737
  0.000892661068  -0.000168760146  -0.000399057131
  0.003523384237   0.001708965752  -0.007424540688
  0.000089003519   0.000097654365   0.000012047769
 -0.000331901630  -0.000063804805   0.000002708179
 -0.000136963628   0.000013289641   0.000054954795
 -0.000070867208  -0.000095685651  -0.000121847432
 -0.242185336795  -0.000001276922   0.000071656086
  0.000042815560  -0.000009650789  -0.000006900607
  0.000047315137  -0.000002439484  -0.000036338357
 -0.000377680129   0.000126648274  -0.000128438781
 -0.000073588309   0.000179281128  -0.000140443204
 -0.000078496119  -0.000172977825  -0.000161979585
 -0.000368216703  -0.000100089934   0.000067612738
 -0.000073494443  -0.000172770218   0.000127376981
 -0.000074780805   0.000188812035   0.000074851719
  0.002685082701   0.003307267214  -0.001756290034
  0.000689062329  -0.000897270837  -0.001479350142
 -0.000009620018   0.000020725408  -0.000034292604
  0.002675427546  -0.003285115696   0.001782641349
  0.000695794079   0.000918210914   0.001379751097
 -0.000008743189  -0.000006516732  -0.000038164294
  0.000525709563   0.000008450121  -0.000029375396
  0.000080221095  -0.000002269715  -0.000010668417
 -0.000068800812  -0.000004232491  -0.000003854034
  0.002022421799   0.000004024011  -0.000067516590
 -0.000007301335  -0.000007246869   0.000005247507
 -0.000001851531  -0.000002346322   0.000036138416
 -0.000051656501   0.000048140745   0.000194306842
  0.000080864579  -0.000050950271   0.000164481102
  0.000076634508   0.000088190076   0.000101038870
 -0.000042710039  -0.000020778934  -0.000138984145
  0.000082140320   0.000057042531  -0.000152417427
  0.000080599145  -0.000070690504  -0.000012445734
 -0.001122206087   0.000405103583  -0.000935995780
 -0.000333513279   0.000367724237   0.000720604262
 -0.000015975665   0.000017593005   0.000025305863
 -0.001127255210  -0.000388821879   0.000906108991
 -0.000330663631  -0.000353883166  -0.000636276765
 -0.000014960170  -0.000003681718   0.000048518429
  0.000492373205   0.000009081303   0.000030498957
 -0.000053126186  -0.000001952435   0.000011564772
  0.000057937774  -0.000003207694   0.000006573592
 -0.000629723537   0.000703798090   0.006368810087
  0.000588439367  -0.000077655523   0.000314906759
  0.000004825959  -0.000174724502   0.000038582289
 -0.000646768888  -0.000660537532  -0.006375491200
  0.000579756381  -0.000107568473  -0.000317771830
 -0.000005532893  -0.000015019139  -0.000034715651
  0.000053219888   0.000084686074   0.000002004187
  0.000154922227   0.000026323252   0.000002314256
 -0.000084960374   0.000018439020   0.000002635385
  0.024806774899  -0.000054864803  -0.000018997004
 -0.000476121183   0.000145094746   0.000000680373
 -0.000128391418   0.000035100670   0.000001735784
  0.000106107873  -0.000192531937   0.000090349297
  0.000064235152   0.000104833651  -0.000069952939
 -0.000005277943  -0.000025856113   0.000006795166
  0.000126005554   0.000055955528  -0.000082585413
  0.000077712704  -0.000114480529   0.000074326263
  0.000009281912  -0.000202082492  -0.000002257901
   73    2  0.0000  0.0150  0.0000
  0.030260085495   0.021051735086   0.015380666116
 -0.000042741061  -0.000402147441  -0.000119213079
  0.000129113629   0.000079093351  -0.000056418967
  0.001115156818   0.000110931952  -0.000358473786
 -0.000140712249  -0.000232732837   0.000208106802
  0.000022980029   0.000117300928  -0.000028193781
 -0.000715703238   0.000146600373   0.000018636218
 -0.000270754169  -0.000020674988   0.000016931390
  0.000013191533   0.000212415715  -0.000023763200
  0.006782936989   0.007976075118   0.016473702386
 -0.000563727468  -0.001276751041  -0.000865313752
  0.000145792055  -0.000116866020  -0.000002365456
  0.000121834525   0.000738182348   0.000940226960
 -0.000452232075   0.000564358323  -0.000022333430
  0.000207645581  -0.000053523030  -0.000019754984
 -0.000070562251  -0.000529352531  -0.000104053569
  0.000051071271  -0.000222913839   0.000029196799
  0.000134469170  -0.000004103952   0.000033188795
 -0.030260085495   0.021051735086   0.015380666116
  0.000042741061  -0.000402147441  -0.000119213079
 -0.000129113629   0.000079093351  -0.000056418967
  0.000715703238   0.000146600373   0.000018636218
  0.000270754169  -0.000020674988   0.000016931390
 -0.000013191533   0.000212415715  -0.000023763200
 -0.001115156818   0.000110931952  -0.000358473786
  0.000140712249  -0.000232732837   0.000208106802
 -0.000022980029   0.000117300928  -0.000028193781
 -0.000121834525   0.000738182348   0.000940226960
  0.000452232075   0.000564358323  -0.000022333430
 -0.000207645581  -0.000053523030  -0.000019754984
 -0.006782936989   0.007976075118   0.016473702386
  0.000563727468  -0.001276751041  -0.000865313752
 -0.000145792055  -0.000116866020  -0.000002365456
  0.000070562251  -0.000529352531  -0.000104053569
 -0.000051071271  -0.000222913839   0.000029196799
 -0.000134469170  -0.000004103952   0.000033188795
 -0.052344350169   0.058001510061  -0.030731895391
 -0.000086846524   0.000147524511   0.000158351936
  0.000148156036   0.000181504132   0.000315388048
 -0.000472764412  -0.000106130085  -0.000001241679
 -0.000107589889   0.000148404890  -0.000056975009
  0.000014956181   0.000042106894  -0.000767646690
  0.000165700963  -0.000029790299  -0.000042612051
 -0.000174112390   0.000071474383   0.000157613164
  0.000095191602   0.000230588848  -0.000078063020
 -0.000034395224  -0.001419080077   0.001009699633
 -0.000183113002   0.003157554377  -0.009830105373
  0.000127551478  -0.000041113646  -0.000012028144
  0.000036749332  -0.000058133356   0.002107182865
 -0.000869289075  -0.000421184670  -0.000777422140
  0.000052241909  -0.000138748546  -0.000002048388
 -0.000239147327   0.000226496591   0.000031791500
 -0.000165289747   0.000035678623  -0.000015861950
  0.000034851774  -0.000055627682  -0.000040020659
  0.052344350169   0.058001510061  -0.030731895391
  0.000086846524   0.000147524511   0.000158351936
 -0.000148156036   0.000181504132   0.000315388048
 -0.000165700963  -0.000029790299  -0.000042612051
  0.000174112390   0.000071474383   0.000157613164
 -0.000095191602   0.000230588848  -0.000078063020
  0.000472764412  -0.000106130085  -0.000001241679
  0.000107589889   0.000148404890  -0.000056975009
 -0.000014956181   0.000042106894  -0.000767646690
 -0.000036749332  -0.000058133356   0.002107182865
  0.000869289075  -0.000421184670  -0.000777422140
 -0.000052241909  -0.000138748546  -0.000002048388
  0.000034395224  -0.001419080077   0.001009699633
  0.000183113002   0.003157554377  -0.009830105373
 -0.000127551478  -0.000041113646  -0.000012028144
  0.000239147327   0.000226496591   0.000031791500
  0.000165289747   0.000035678623  -0.000015861950
 -0.000034851774  -0.000055627682  -0.000040020659
 -0.000000000000  -0.226889179409   0.011776466210
 -0.000000000000  -0.000188380083  -0.000033612068
 -0.000000000000  -0.000199446398  -0.000179284328
 -0.000117408460  -0.000184937149  -0.000305302229
  0.000178405352   0.000004149668  -0.000262554190
 -0.000181302121  -0.000000014008  -0.000047522909
  0.000117408460  -0.000184937149  -0.000305302229
 -0.000178405352   0.000004149668  -0.000262554190
  0.000181302121  -0.000000014008  -0.000047522909
  0.003286733905   0.004325695621  -0.001266815051
 -0.000911240866   0.001190450365   0.001685220230
  0.000009897418   0.000066452453   0.000135349862
 -0.003286733905   0.004325695621  -0.001266815051
  0.000911240866   0.001190450365   0.001685220230
 -0.000009897418   0.000066452453   0.000135349862
 -0.000000000000   0.000018027334   0.000064377778
 -0.000000000000  -0.000013099152   0.000206214777
 -0.000000000000   0.000096104202   0.000141899906
 -0.000000000000  -0.010411882341  -0.002637837307
 -0.000000000000  -0.000441622210   0.000272685615
 -0.000000000000  -0.000449911530   0.000196017203
 -0.000038459220  -0.000176732582   0.000365983751
 -0.000080412425  -0.000057005273   0.000155031347
  0.000050648737  -0.000063561331   0.000124905296
  0.000038459220  -0.000176732582   0.000365983751
  0.000080412425  -0.000057005273   0.000155031347
 -0.000050648737  -0.000063561331   0.000124905296
  0.000390797078  -0.002584182184  -0.000436370206
  0.000365716040   0.000117973399  -0.000931287151
  0.000007210835   0.000089104652  -0.000093919892
 -0.000390797078  -0.002584182184  -0.000436370206
 -0.000365716040   0.000117973399  -0.000931287151
 -0.000007210835   0.000089104652  -0.000093919892
 -0.000000000000  -0.000041082201  -0.000058827961
 -0.000000000000   0.000025041421  -0.000187409378
 -0.000000000000   0.000083319634  -0.000120828275
 -0.001761952973   0.003561692834  -0.002103417916
 -0.000714211465   0.000111920166   0.000394451091
  0.000042670978  -0.000072622458  -0.000028120953
  0.001761952973   0.003561692834  -0.002103417916
  0.000714211465   0.000111920166   0.000394451091
 -0.000042670978  -0.000072622458  -0.000028120953
 -0.000000000000   0.000300632031   0.000048528168
 -0.000000000000   0.000200423199  -0.000062872279
 -0.000000000000  -0.000101652640   0.000106112522
 -0.000000000000   0.047711182340   0.009917066937
 -0.000000000000   0.001146226463  -0.000553722953
 -0.000000000000   0.000270143025  -0.000114740569
 -0.000074348651  -0.000175369258   0.000160039590
  0.000076143201   0.000210296060   0.000150973982
 -0.000087657051  -0.000031395285  -0.000011639760
  0.000074348651  -0.000175369258   0.000160039590
 -0.000076143201   0.000210296060   0.000150973982
  0.000087657051  -0.000031395285  -0.000011639760
   73    3  0.0000  0.0000  0.0150
  0.040461661273   0.014568683479   0.039646905324
 -0.001373077205  -0.000251709880  -0.000024446622
  0.000112399598   0.000663325296   0.000001644303
  0.000095360377   0.000501412098   0.000031413415
 -0.000690021682   0.000005748269   0.000133555182
 -0.000281149169   0.000429679262   0.000067414766
 -0.000962462255   0.000735118437   0.000008506612
 -0.000646212741  -0.000105317480   0.000016004654
  0.000052104825   0.000234752852   0.000062849295
  0.005865828730   0.003183521739   0.001188547213
  0.001226666918  -0.000215689356   0.000020986294
  0.000662580434  -0.000161904270   0.000032211996
 -0.000763303610   0.000234336713  -0.000684924382
  0.000394546875   0.000634163013  -0.000095284321
  0.000385801938  -0.000186047899   0.000005578037
 -0.000106647842  -0.000731487489   0.000041738960
  0.000501447325  -0.000458845817   0.000036792681
  0.000851111913   0.000208108221  -0.000017590719
 -0.040461661273   0.014568683479   0.039646905324
  0.001373077205  -0.000251709880  -0.000024446622
 -0.000112399598   0.000663325296   0.000001644303
  0.000962462255   0.000735118437   0.000008506612
  0.000646212741  -0.000105317480   0.000016004654
 -0.000052104825   0.000234752852   0.000062849295
 -0.000095360377   0.000501412098   0.000031413415
  0.000690021682   0.000005748269   0.000133555182
  0.000281149169   0.000429679262   0.000067414766
  0.000763303610   0.000234336713  -0.000684924382
 -0.000394546875   0.000634163013  -0.000095284321
 -0.000385801938  -0.000186047899   0.000005578037
 -0.005865828730   0.003183521739   0.001188547213
 -0.001226666918  -0.000215689356   0.000020986294
 -0.000662580434  -0.000161904270   0.000032211996
  0.000106647842  -0.000731487489   0.000041738960
 -0.000501447325  -0.000458845817   0.000036792681
 -0.000851111913   0.000208108221  -0.000017590719
  0.021299040775  -0.028662542327   0.043119659617
 -0.000312035713   0.000980849030   0.000039982972
 -0.000116583785   0.000024270837  -0.000034534175
 -0.000241522669  -0.000209971945   0.000048492847
 -0.000210645065   0.000395560932   0.000008799322
 -0.000267602443   0.000795547598   0.000235347993
  0.000690435748  -0.000295701605   0.000025752610
 -0.000034325766   0.000300494497   0.000064175962
  0.000257584871  -0.000340886463  -0.000008685988
 -0.000472170374   0.000090082373   0.000484635503
  0.003403927825  -0.006106415994  -0.001934656404
  0.000170651689  -0.000481755000   0.000026944346
  0.001997621499  -0.001897622850  -0.001035053125
  0.000484998107   0.000915602451  -0.000047648813
  0.000084511427  -0.000208289568   0.000026094192
 -0.000510570242   0.000451904431  -0.000010738177
 -0.000171567225   0.000156421789   0.000010542735
  0.000311556365  -0.000534777128   0.000010502296
 -0.021299040775  -0.028662542327   0.043119659617
  0.000312035713   0.000980849030   0.000039982972
  0.000116583785   0.000024270837  -0.000034534175
 -0.000690435748  -0.000295701605   0.000025752610
  0.000034325766   0.000300494497   0.000064175962
 -0.000257584871  -0.000340886463  -0.000008685988
  0.000241522669  -0.000209971945   0.000048492847
  0.000210645065   0.000395560932   0.000008799322
  0.000267602443   0.000795547598   0.000235347993
 -0.001997621499  -0.001897622850  -0.001035053125
 -0.000484998107   0.000915602451  -0.000047648813
 -0.000084511427  -0.000208289568   0.000026094192
  0.000472170374   0.000090082373   0.000484635503
 -0.003403927825  -0.006106415994  -0.001934656404
 -0.000170651689  -0.000481755000   0.000026944346
  0.000510570242   0.000451904431  -0.000010738177
  0.000171567225   0.000156421789   0.000010542735
 -0.000311556365  -0.000534777128   0.000010502296
 -0.000000000000   0.011620354140  -0.252894040534
 -0.000000000000  -0.000180485594  -0.000867332968
 -0.000000000000  -0.000042353336  -0.000769640818
  0.000133842908  -0.000235894270  -0.001999905697
  0.000089438373  -0.000074422267  -0.000771207101
  0.000135338060  -0.000275631225  -0.000683804423
 -0.000133842908  -0.000235894270  -0.001999905697
 -0.000089438373  -0.000074422267  -0.000771207101
 -0.000135338060  -0.000275631225  -0.000683804423
 -0.001691595524  -0.001263618477   0.003947191002
 -0.001441652945   0.001728535726   0.001157815365
 -0.000037041111   0.000125072928   0.000318547744
  0.001691595524  -0.001263618477   0.003947191002
  0.001441652945   0.001728535726   0.001157815365
  0.000037041111   0.000125072928   0.000318547744
 -0.000000000000   0.000188479982   0.001573203702
 -0.000000000000   0.000152521216   0.001092265745
 -0.000000000000   0.000046952851   0.000585018903
 -0.000000000000   0.002684551327   0.070877305444
 -0.000000000000  -0.000195070449   0.000785767767
 -0.000000000000  -0.000279570580   0.000692886720
  0.000209780497  -0.000289899149   0.001773968200
  0.000026712694  -0.000145809422   0.000648432903
  0.000157813342  -0.000157648993   0.000561684880
 -0.000209780497  -0.000289899149   0.001773968200
 -0.000026712694  -0.000145809422   0.000648432903
 -0.000157813342  -0.000157648993   0.000561684880
  0.000993056936   0.000458658860  -0.003977478062
 -0.000661730498   0.000944655629  -0.001662748008
 -0.000027683870   0.000084732721  -0.000407807770
 -0.000993056936   0.000458658860  -0.003977478062
  0.000661730498   0.000944655629  -0.001662748008
  0.000027683870   0.000084732721  -0.000407807770
 -0.000000000000   0.000190031742  -0.001666731649
 -0.000000000000   0.000141162356  -0.001193199652
 -0.000000000000   0.000033606795  -0.000661150863
 -0.001480683606  -0.000208816096  -0.001637750306
 -0.000829285722   0.000968682045   0.000045713779
 -0.000043749021  -0.000067998438  -0.000009691968
  0.001480683606  -0.000208816096  -0.001637750306
  0.000829285722   0.000968682045   0.000045713779
  0.000043749021  -0.000067998438  -0.000009691968
 -0.000000000000  -0.000159902357   0.000051246967
 -0.000000000000   0.000584096561  -0.000009495965
 -0.000000000000   0.000398873703   0.000007747343
 -0.000000000000   0.014646934994   0.024627885167
 -0.000000000000  -0.000642695223  -0.000088154874
 -0.000000000000  -0.000468118054  -0.000021742477
  0.000033995700  -0.000542645074   0.000059846233
 -0.000187409436   0.000005676920   0.000048013428
 -0.000044867410  -0.000073934699   0.000026744427
 -0.000033995700  -0.000542645074   0.000059846233
  0.000187409436   0.000005676920   0.000048013428
  0.000044867410  -0.000073934699   0.000026744427
  109    1  0.0150  0.0000  0.0000
  0.127705442241   0.056757341164   0.000000000000
 -0.000349678915   0.000235003844   0.000000000000
 -0.000442554507  -0.000489210949   0.000000000000
  0.001653509709  -0.000297524673   0.000000000000
  0.000107281046   0.000072866764   0.000000000000
 -0.000010875072   0.000201709185   0.000000000000
 -0.001638034193   0.003303682943   0.000000000000
  0.000087747323  -0.000448213512   0.000000000000
 -0.000000685404   0.001460818546   0.000000000000
  0.112652950753  -0.091038344657   0.000000000000
  0.000519204203  -0.000510029424   0.000000000000
  0.000236466125   0.000221163293   0.000000000000
  0.001683221517   0.001298129235   0.000000000000
 -0.000037345050   0.000139732841   0.000000000000
  0.000425202175   0.000127149589   0.000000000000
  0.000199996349  -0.003461717862   0.000000000000
 -0.000429224650  -0.000131201251   0.000000000000
  0.000293692140  -0.000321955921   0.000000000000
 -0.001584534306  -0.003329690135   0.000000000000
  0.000201126145   0.000388443443   0.000000000000
 -0.000000319377  -0.001444121682   0.000000000000
  0.001907944378   0.000158262317   0.000000000000
  0.000341279366  -0.000205015093   0.000000000000
  0.000098497572  -0.000251392060   0.000000000000
  0.127759803889  -0.056770740060   0.000000000000
 -0.000249730386  -0.000295208919   0.000000000000
 -0.000451068278   0.000518724691   0.000000000000
  0.112795394378   0.090949736813   0.000000000000
  0.000494142765   0.000527722070   0.000000000000
  0.000549785842  -0.000390143064   0.000000000000
  0.000204246011   0.003460020089   0.000000000000
 -0.000461993598   0.000158766745   0.000000000000
  0.000537576196   0.000193700064   0.000000000000
  0.001684763137  -0.001290639993   0.000000000000
 -0.000078917434  -0.000106012260   0.000000000000
  0.000666680013  -0.000253244329   0.000000000000
  0.004427597369   0.009403866630   0.000000000000
 -0.000035298739   0.000222946158   0.000000000000
 -0.004532212995   0.002192814696   0.000000000000
 -0.000984140086   0.000010602786   0.000000000000
  0.000002032196   0.000079994889   0.000000000000
 -0.000330326621   0.000484612599   0.000000000000
  0.004177187742  -0.000824998387   0.000000000000
 -0.000028481921  -0.000154682731   0.000000000000
  0.001037747467  -0.000239679769   0.000000000000
  0.012119910211  -0.024007150778   0.000000000000
  0.001535067375  -0.001304629848   0.000000000000
  0.000072264601   0.000054542175   0.000000000000
  0.000523294323  -0.000503223248   0.000000000000
  0.000333449887  -0.000351154629   0.000000000000
 -0.000108645444   0.000162963159   0.000000000000
 -0.001890321690  -0.000014162890   0.000000000000
 -0.001424422990   0.001016813632   0.000000000000
 -0.000322868745   0.000142503707   0.000000000000
  0.004198131180   0.000849471469   0.000000000000
  0.000036834917   0.000246538309   0.000000000000
  0.001036104719   0.000245579328   0.000000000000
 -0.000846865134   0.000158620005   0.000000000000
  0.000137692444   0.000113123511   0.000000000000
 -0.000263078462  -0.000388351211   0.000000000000
  0.004441804754  -0.009385888080   0.000000000000
  0.000016973238  -0.000131308579   0.000000000000
 -0.004539234436  -0.002178015093   0.000000000000
  0.012207577801   0.024112540289   0.000000000000
  0.001502151798   0.001268304267   0.000000000000
  0.000257384997   0.000196167582   0.000000000000
 -0.001893551039   0.000011574792   0.000000000000
 -0.001458425722  -0.001057740186   0.000000000000
 -0.000180690382   0.000052616343   0.000000000000
  0.000515348328   0.000507430310   0.000000000000
  0.000292225853   0.000325928361   0.000000000000
  0.000036618770   0.000040378130   0.000000000000
 -0.000666016169  -0.001769814528  -0.001526899677
 -0.000001092550   0.000049639037  -0.000059406321
  0.000572602640  -0.000694586033  -0.000796850852
  0.000051689248   0.000006507290  -0.000024749813
 -0.000072861051   0.000008951651  -0.000023482370
  0.000161829713   0.000010557821  -0.000025977694
 -0.000662117153   0.001770593618   0.001507006841
 -0.000006195857  -0.000039587306   0.000032774546
  0.000571674353   0.000708274918   0.000792611349
  0.024881586974   0.000008629719  -0.000061661252
 -0.000481839941   0.000000891577  -0.000007451187
 -0.000138259870   0.000019302930  -0.000025444376
  0.000108386470  -0.000069457715  -0.000036660876
  0.000073996092   0.000075263660  -0.000113735342
  0.000002567696  -0.000069806782  -0.000026580116
  0.000110448804   0.000074431131   0.000024315319
  0.000070083650  -0.000077678287   0.000117403885
  0.000008022822   0.000097707946  -0.000045576781
 -0.000666016169  -0.001769814528   0.001526899677
 -0.000001092550   0.000049639037   0.000059406321
  0.000572602640  -0.000694586033   0.000796850852
  0.000051689248   0.000006507290   0.000024749813
 -0.000072861051   0.000008951651   0.000023482370
  0.000161829713   0.000010557821   0.000025977694
 -0.000662117153   0.001770593618  -0.001507006841
 -0.000006195857  -0.000039587306  -0.000032774546
  0.000571674353   0.000708274918  -0.000792611349
  0.024881586974   0.000008629719   0.000061661252
 -0.000481839941   0.000000891577   0.000007451187
 -0.000138259870   0.000019302930   0.000025444376
  0.000108386470  -0.000069457715   0.000036660876
  0.000073996092   0.000075263660   0.000113735342
  0.000002567696  -0.000069806782   0.000026580116
  0.000110448804   0.000074431131  -0.000024315319
  0.000070083650  -0.000077678287  -0.000117403885
  0.000008022822   0.000097707946   0.000045576781
 -0.630411841553  -0.000055062430   0.000000000000
  0.000402373428   0.000006863345   0.000000000000
  0.000410118401  -0.000126905345   0.000000000000
  0.000614139633   0.000621509463   0.000000000000
 -0.000155840193  -0.000038185402   0.000000000000
 -0.000171103903  -0.000230179069   0.000000000000
  0.000621308141  -0.000628714141   0.000000000000
 -0.000154165458   0.000062389196   0.000000000000
 -0.000157616992   0.000036280810   0.000000000000
  0.031541856147  -0.005819154775   0.000000000000
  0.000225568935  -0.000219150281   0.000000000000
  0.000807065697  -0.000711200604   0.000000000000
 -0.001593659167  -0.000113645114   0.000000000000
 -0.000041128013  -0.000101675327   0.000000000000
 -0.000842517276  -0.000039452666   0.000000000000
  0.031555624457   0.005775901061   0.000000000000
  0.000232151065   0.000132737981   0.000000000000
  0.000808827240   0.000730486518   0.000000000000
  109    2  0.0000  0.0150  0.0000
  0.065781914895   0.048025232920  -0.000000000000
  0.000103951459   0.000549999908  -0.000000000000
  0.000600353551   0.000883587555  -0.000000000000
  0.000256726971   0.000537274909  -0.000000000000
 -0.000313434171   0.000115304025  -0.000000000000
  0.000106017450   0.000153536597  -0.000000000000
  0.002175398215   0.001912993346  -0.000000000000
 -0.000055665910   0.000403823064  -0.000000000000
  0.000147335361  -0.000035882882  -0.000000000000
 -0.064490981183   0.060892748722  -0.000000000000
  0.000131836171   0.000318637975  -0.000000000000
 -0.000387507415   0.000820557760  -0.000000000000
  0.000857175192  -0.000409828591  -0.000000000000
 -0.000311168677  -0.000274772645  -0.000000000000
  0.000213335618   0.000302438858  -0.000000000000
 -0.000643232037  -0.001964108232  -0.000000000000
 -0.000163317447  -0.000195741745  -0.000000000000
 -0.000080018001   0.000517033388  -0.000000000000
 -0.002175398215   0.001912993346  -0.000000000000
  0.000055665910   0.000403823064  -0.000000000000
 -0.000147335361  -0.000035882882  -0.000000000000
 -0.000256726971   0.000537274909  -0.000000000000
  0.000313434171   0.000115304025  -0.000000000000
 -0.000106017450   0.000153536597  -0.000000000000
 -0.065781914895   0.048025232920  -0.000000000000
 -0.000103951459   0.000549999908  -0.000000000000
 -0.000600353551   0.000883587555  -0.000000000000
  0.064490981183   0.060892748722  -0.000000000000
 -0.000131836171   0.000318637975  -0.000000000000
  0.000387507415   0.000820557760  -0.000000000000
  0.000643232037  -0.001964108232  -0.000000000000
  0.000163317447  -0.000195741745  -0.000000000000
  0.000080018001   0.000517033388  -0.000000000000
 -0.000857175192  -0.000409828591  -0.000000000000
  0.000311168677  -0.000274772645  -0.000000000000
 -0.000213335618   0.000302438858  -0.000000000000
  0.008749500514   0.007892406469  -0.000000000000
  0.000200334612  -0.000205097066  -0.000000000000
  0.005804032162   0.001208603513  -0.000000000000
  0.000246402597  -0.000374576275  -0.000000000000
  0.000051410937  -0.000024003916  -0.000000000000
  0.000310609110  -0.000035274060  -0.000000000000
 -0.005413887666   0.000631385098  -0.000000000000
  0.000246808371  -0.000224202702  -0.000000000000
 -0.000358402833  -0.000551715493  -0.000000000000
 -0.017412022039   0.020338964119  -0.000000000000
  0.000965621257  -0.002572247708  -0.000000000000
  0.000418963813  -0.000046730181  -0.000000000000
 -0.000515280419  -0.000123980025  -0.000000000000
 -0.000476170177  -0.000253028529  -0.000000000000
  0.000131852578  -0.000130214004  -0.000000000000
  0.000282715550   0.000291344272  -0.000000000000
  0.000543235600  -0.001193606330  -0.000000000000
  0.000200517736  -0.000256697197  -0.000000000000
  0.005413887666   0.000631385098  -0.000000000000
 -0.000246808371  -0.000224202702  -0.000000000000
  0.000358402833  -0.000551715493  -0.000000000000
 -0.000246402597  -0.000374576275  -0.000000000000
 -0.000051410937  -0.000024003916  -0.000000000000
 -0.000310609110  -0.000035274060  -0.000000000000
 -0.008749500514   0.007892406469  -0.000000000000
 -0.000200334612  -0.000205097066  -0.000000000000
 -0.005804032162   0.001208603513  -0.000000000000
  0.017412022039   0.020338964119  -0.000000000000
 -0.000965621257  -0.002572247708  -0.000000000000
 -0.000418963813  -0.000046730181  -0.000000000000
 -0.000282715550   0.000291344272  -0.000000000000
 -0.000543235600  -0.001193606330  -0.000000000000
 -0.000200517736  -0.000256697197  -0.000000000000
  0.000515280419  -0.000123980025  -0.000000000000
  0.000476170177  -0.000253028529  -0.000000000000
 -0.000131852578  -0.000130214004  -0.000000000000
  0.000688666522   0.003576120209   0.000121256575
 -0.000010359781  -0.000107495219   0.000021164791
  0.000012661710   0.000150027235   0.001156715831
  0.000000000000   0.000411661424   0.000039699994
  0.000000000000  -0.000093468823  -0.000163800200
  0.000000000000   0.000227524102   0.000283789035
 -0.000688666522   0.003576120209   0.000121256575
  0.000010359781  -0.000107495219   0.000021164791
 -0.000012661710   0.000150027235   0.001156715831
  0.000000000000   0.047711543967   0.014441832868
  0.000000000000   0.001070870204  -0.000294642281
  0.000000000000   0.000182370749  -0.000608354732
 -0.000177457281  -0.000124943053  -0.000393425684
  0.000004983945   0.000303556104   0.000182567663
  0.000026281136  -0.000046239524  -0.000070021114
  0.000177457281  -0.000124943053  -0.000393425684
 -0.000004983945   0.000303556104   0.000182567663
 -0.000026281136  -0.000046239524  -0.000070021114
  0.000688666522   0.003576120209  -0.000121256575
 -0.000010359781  -0.000107495219  -0.000021164791
  0.000012661710   0.000150027235  -0.001156715831
  0.000000000000   0.000411661424  -0.000039699994
  0.000000000000  -0.000093468823   0.000163800200
  0.000000000000   0.000227524102  -0.000283789035
 -0.000688666522   0.003576120209  -0.000121256575
  0.000010359781  -0.000107495219  -0.000021164791
 -0.000012661710   0.000150027235  -0.001156715831
  0.000000000000   0.047711543967  -0.014441832868
  0.000000000000   0.001070870204   0.000294642281
  0.000000000000   0.000182370749   0.000608354732
 -0.000177457281  -0.000124943053   0.000393425684
  0.000004983945   0.000303556104  -0.000182567663
  0.000026281136  -0.000046239524   0.000070021114
  0.000177457281  -0.000124943053   0.000393425684
 -0.000004983945   0.000303556104  -0.000182567663
 -0.000026281136  -0.000046239524   0.000070021114
  0.000000000000  -0.386336313354  -0.000000000000
  0.000000000000  -0.000749091338  -0.000000000000
  0.000000000000  -0.001019944876  -0.000000000000
 -0.000791905418   0.001264346092  -0.000000000000
  0.000104080224  -0.000337550943  -0.000000000000
  0.000057515220  -0.000039743750  -0.000000000000
  0.000791905418   0.001264346092  -0.000000000000
 -0.000104080224  -0.000337550943  -0.000000000000
 -0.000057515220  -0.000039743750  -0.000000000000
 -0.005815507872  -0.002069841493  -0.000000000000
 -0.000113361714   0.000318992705  -0.000000000000
 -0.000685897704   0.001212442338  -0.000000000000
  0.000000000000  -0.000586549753  -0.000000000000
  0.000000000000   0.000136631656  -0.000000000000
  0.000000000000  -0.000015458315  -0.000000000000
  0.005815507872  -0.002069841493  -0.000000000000
  0.000113361714   0.000318992705  -0.000000000000
  0.000685897704   0.001212442338  -0.000000000000
  109    3  0.0000  0.0000  0.0150
 -0.000182519778  -0.000127587691   0.015729145799
  0.000061855058   0.000043853946  -0.000087085953
  0.000035083128   0.000021426824   0.000340518715
 -0.000843637204  -0.000442040774   0.000244122835
  0.000003895782   0.000002579508  -0.000009119063
 -0.000054120766  -0.000018761044  -0.000011810362
 -0.000296348681  -0.000160502456   0.000017489957
  0.000055142358   0.000024473885   0.000084222201
  0.000033096773   0.000011591468  -0.000722887213
  0.000033093606   0.000062369017  -0.011793204443
 -0.000636016179  -0.000340651266   0.000245158536
 -0.000183808583  -0.000104543216   0.000118076869
 -0.000190370585  -0.000088455907   0.000008833369
 -0.000245912901  -0.000124719379  -0.000044641755
  0.000186622723   0.000096431709  -0.000018449090
 -0.000206561471  -0.000098112008   0.000289021436
 -0.000230005077  -0.000118937015  -0.000027061970
  0.000196341909   0.000106192823   0.000063800121
  0.000296348681  -0.000160502456   0.000017489957
 -0.000055142358   0.000024473885   0.000084222201
 -0.000033096773   0.000011591468  -0.000722887213
  0.000843637204  -0.000442040774   0.000244122835
 -0.000003895782   0.000002579508  -0.000009119063
  0.000054120766  -0.000018761044  -0.000011810362
  0.000182519778  -0.000127587691   0.015729145799
 -0.000061855058   0.000043853946  -0.000087085953
 -0.000035083128   0.000021426824   0.000340518715
 -0.000033093606   0.000062369017  -0.011793204443
  0.000636016179  -0.000340651266   0.000245158536
  0.000183808583  -0.000104543216   0.000118076869
  0.000206561471  -0.000098112008   0.000289021436
  0.000230005077  -0.000118937015  -0.000027061970
 -0.000196341909   0.000106192823   0.000063800121
  0.000190370585  -0.000088455907   0.000008833369
  0.000245912901  -0.000124719379  -0.000044641755
 -0.000186622723   0.000096431709  -0.000018449090
 -0.000190881871   0.000229130781  -0.000866003037
  0.000054957267  -0.000061147074  -0.000042783304
 -0.000014657463  -0.000002199300   0.001608936250
 -0.000464609508   0.000641793284   0.000018711777
  0.000014176264  -0.000030124365   0.000149440487
 -0.000070758396   0.000097048950   0.000026534290
 -0.000158518087   0.000214264580  -0.002875714530
  0.000058257491  -0.000076898509  -0.000008723277
 -0.000017911052   0.000022959615   0.000807394657
  0.000030005642  -0.000109170895  -0.007200343821
 -0.000369441950   0.000500113441   0.000280375343
 -0.000125044794   0.000140970491  -0.000158424549
 -0.000061574745   0.000096299174   0.000095986149
 -0.000157040464   0.000265141651   0.000063564569
  0.000085906269  -0.000124564130  -0.000040895728
 -0.000076762626   0.000129021698   0.000002682016
 -0.000127348888   0.000198125886   0.000201164545
  0.000095681462  -0.000134078424   0.000008647226
  0.000158518087   0.000214264580  -0.002875714530
 -0.000058257491  -0.000076898509  -0.000008723277
  0.000017911052   0.000022959615   0.000807394657
  0.000464609508   0.000641793284   0.000018711777
 -0.000014176264  -0.000030124365   0.000149440487
  0.000070758396   0.000097048950   0.000026534290
  0.000190881871   0.000229130781  -0.000866003037
 -0.000054957267  -0.000061147074  -0.000042783304
  0.000014657463  -0.000002199300   0.001608936250
 -0.000030005642  -0.000109170895  -0.007200343821
  0.000369441950   0.000500113441   0.000280375343
  0.000125044794   0.000140970491  -0.000158424549
  0.000076762626   0.000129021698   0.000002682016
  0.000127348888   0.000198125886   0.000201164545
 -0.000095681462  -0.000134078424   0.000008647226
  0.000061574745   0.000096299174   0.000095986149
  0.000157040464   0.000265141651   0.000063564569
 -0.000085906269  -0.000124564130  -0.000040895728
  0.006334000280  -0.002073422624  -0.001799134931
  0.000025073418  -0.000027097427  -0.000066319438
  0.000321589653   0.000377279165   0.000066101452
 -0.000000000000   0.000138148514  -0.000166206978
 -0.000000000000   0.000101341992  -0.000033755634
 -0.000000000000  -0.000071728906   0.000032370037
 -0.006334000280  -0.002073422624  -0.001799134931
 -0.000025073418  -0.000027097427  -0.000066319438
 -0.000321589653   0.000377279165   0.000066101452
 -0.000000000000   0.009889495329   0.024435072968
 -0.000000000000  -0.000482547508  -0.000265952489
 -0.000000000000  -0.000107353510  -0.000098268987
  0.000074774244   0.000192128659  -0.000067731107
 -0.000077308490   0.000169736232   0.000041776954
 -0.000002098834  -0.000034697955   0.000074508400
 -0.000074774244   0.000192128659  -0.000067731107
  0.000077308490   0.000169736232   0.000041776954
  0.000002098834  -0.000034697955   0.000074508400
 -0.006381932211   0.002133773530  -0.001574727060
 -0.000046558630   0.000032283745   0.000046002327
 -0.000319599228  -0.000406073242   0.000028744494
 -0.000000000000   0.000040385406   0.000267744284
 -0.000000000000  -0.000108290143   0.000049546077
 -0.000000000000   0.000059824482  -0.000061495076
  0.006381932211   0.002133773530  -0.001574727060
  0.000046558630   0.000032283745   0.000046002327
  0.000319599228  -0.000406073242   0.000028744494
 -0.000000000000  -0.009861486585   0.024498564510
 -0.000000000000   0.000612668115   0.000062632855
 -0.000000000000   0.000125590108   0.000045771996
 -0.000101187594  -0.000124731165   0.000184297538
  0.000070540199  -0.000126697438   0.000051597404
 -0.000010262538  -0.000008071271  -0.000020694133
  0.000101187594  -0.000124731165   0.000184297538
 -0.000070540199  -0.000126697438   0.000051597404
  0.000010262538  -0.000008071271  -0.000020694133
 -0.000000000000  -0.000000777322  -0.048376080078
 -0.000000000000  -0.000539464004   0.000190676409
 -0.000000000000  -0.000156623282   0.000194989160
 -0.000028759153  -0.000155517273  -0.001631478036
 -0.000018014033  -0.000194535392  -0.000066467061
 -0.000017570336   0.000162585761  -0.000066247384
  0.000028759153  -0.000155517273  -0.001631478036
  0.000018014033  -0.000194535392  -0.000066467061
  0.000017570336   0.000162585761  -0.000066247384
  0.000013686523  -0.000181872110   0.008350282793
 -0.000029401226   0.000056997648   0.000137606678
 -0.000022043540   0.000028561652  -0.000336961282
 -0.000000000000  -0.000730667582  -0.000190973264
 -0.000000000000   0.000011644662  -0.000331293097
 -0.000000000000  -0.000044011311   0.000050983987
 -0.000013686523  -0.000181872110   0.008350282793
  0.000029401226   0.000056997648   0.000137606678
  0.000022043540   0.000028561652  -0.000336961282
