       N       E                     dE             d eps       ncg     rms          rms(c)
DAV:   1     0.578454209359E+02    0.57845E+02   -0.18053E+04120960   0.747E+02
DAV:   2    -0.927307191002E+02   -0.15058E+03   -0.14163E+03168576   0.153E+02
