       N       E                     dE             d eps       ncg     rms          rms(c)
DAV:   1     0.133077873209E+03    0.13308E+03   -0.25118E+04120960   0.119E+03
DAV:   2    -0.891413591362E+02   -0.22222E+03   -0.20618E+03162048   0.200E+02
