       N       E                     dE             d eps       ncg     rms          rms(c)
DAV:   1     0.136348933387E+03    0.13635E+03   -0.25372E+04120960   0.121E+03
DAV:   2    -0.889816490120E+02   -0.22533E+03   -0.20895E+03161352   0.201E+02
DAV:   3    -0.975949928379E+02   -0.86133E+01   -0.85393E+01180840   0.347E+01
DAV:   4    -0.976480833619E+02   -0.53091E-01   -0.53087E-01135528   0.314E+00
