       N       E                     dE             d eps       ncg     rms          rms(c)
DAV:   1     0.789447630231E+02    0.78945E+02   -0.20028E+04120960   0.863E+02
DAV:   2    -0.918025758881E+02   -0.17075E+03   -0.15998E+03166752   0.168E+02
DAV:   3    -0.976003036014E+02   -0.57977E+01   -0.57633E+01178176   0.274E+01
