       N       E                     dE             d eps       ncg     rms          rms(c)
DAV:   1     0.537619069419E+02    0.53762E+02   -0.17708E+04 16800   0.724E+02
DAV:   2    -0.929107826717E+02   -0.14667E+03   -0.13814E+03 23448   0.150E+02
DAV:   3    -0.975961563275E+02   -0.46854E+01   -0.46642E+01 24672   0.240E+01
DAV:   4    -0.976233108190E+02   -0.27154E-01   -0.27153E-01 20760   0.210E+00
