       N       E                     dE             d eps       ncg     rms          rms(c)
DAV:   1     0.539127657325E+02    0.53913E+02   -0.17649E+04168960   0.724E+02
DAV:   2    -0.928996060393E+02   -0.14681E+03   -0.13816E+03235200   0.150E+02
DAV:   3    -0.975874599502E+02   -0.46879E+01   -0.46642E+01246336   0.240E+01
