       N       E                     dE             d eps       ncg     rms          rms(c)
DAV:   1     0.817222473673E+01    0.81722E+01   -0.35747E+02  8400   0.424E+01
DAV:   2     0.121367060231E+00   -0.80509E+01   -0.80161E+01 16416   0.588E+00
