       N       E                     dE             d eps       ncg     rms          rms(c)
DAV:   1     0.169359364372E+03    0.16936E+03   -0.28536E+04120960   0.143E+03
DAV:   2    -0.871982310099E+02   -0.25656E+03   -0.23646E+03158232   0.219E+02
DAV:   3    -0.975836515631E+02   -0.10385E+02   -0.10281E+02180984   0.388E+01
DAV:   4    -0.976503060434E+02   -0.66654E-01   -0.66649E-01132456   0.354E+00
