       N       E                     dE             d eps       ncg     rms          rms(c)
DAV:   1     0.112995765654E+03    0.11300E+03   -0.23185E+04120960   0.106E+03
DAV:   2    -0.901698201145E+02   -0.20317E+03   -0.18921E+03163656   0.188E+02
DAV:   3    -0.976023016770E+02   -0.74325E+01   -0.73763E+01179976   0.318E+01
