       N       E                     dE             d eps       ncg     rms          rms(c)
DAV:   1     0.668484417036E+02    0.66848E+02   -0.18847E+04120960   0.794E+02
DAV:   2    -0.923384588405E+02   -0.15919E+03   -0.14949E+03167184   0.159E+02
DAV:   3    -0.975934654554E+02   -0.52550E+01   -0.52260E+01177168   0.258E+01
