       N       E                     dE             d eps       ncg     rms          rms(c)
DAV:   1     0.539908100935E+02    0.53991E+02   -0.17651E+04120960   0.724E+02
DAV:   2    -0.928907012533E+02   -0.14688E+03   -0.13823E+03168576   0.150E+02
