       N       E                     dE             d eps       ncg     rms          rms(c)
DAV:   1     0.750576419434E+01    0.75058E+01   -0.33553E+02 11520   0.340E+01
DAV:   2     0.690567404122E-01   -0.74367E+01   -0.74129E+01 22992   0.547E+00
DAV:   3    -0.558376494830E-01   -0.12489E+00   -0.10477E+00 11544   0.126E+00
