       N       E                     dE             d eps       ncg     rms          rms(c)
DAV:   1     0.539649245895E+02    0.53965E+02   -0.17653E+04101088   0.724E+02
DAV:   2    -0.928834454083E+02   -0.14685E+03   -0.13817E+03141600   0.150E+02
DAV:   3    -0.975859340185E+02   -0.47025E+01   -0.46788E+01147192   0.241E+01
DAV:   4    -0.976132830560E+02   -0.27349E-01   -0.27347E-01126360   0.210E+00
