       N       E                     dE             d eps       ncg     rms          rms(c)
DAV:   1     0.163896920119E+03    0.16390E+03   -0.28027E+04120960   0.139E+03
DAV:   2    -0.874845914592E+02   -0.25138E+03   -0.23195E+03159000   0.216E+02
