       N       E                     dE             d eps       ncg     rms          rms(c)
DAV:   1     0.536640927636E+02    0.53664E+02   -0.17646E+04158400   0.724E+02
DAV:   2    -0.929077211849E+02   -0.14657E+03   -0.13800E+03220560   0.150E+02
