       N       E                     dE             d eps       ncg     rms          rms(c)
DAV:   1     0.117295591957E+03    0.11730E+03   -0.23538E+04 16800   0.108E+03
DAV:   2    -0.900476935032E+02   -0.20734E+03   -0.19310E+03 22416   0.190E+02
DAV:   3    -0.976098087571E+02   -0.75621E+01   -0.75050E+01 24840   0.321E+01
