       N       E                     dE             d eps       ncg     rms          rms(c)
DAV:   1     0.446829998965E+02    0.44683E+02   -0.16782E+04120960   0.676E+02
DAV:   2    -0.932907420525E+02   -0.13797E+03   -0.13005E+03169848   0.144E+02
