       N       E                     dE             d eps       ncg     rms          rms(c)
DAV:   1     0.119720467908E+03    0.11972E+03   -0.23804E+04120960   0.110E+03
DAV:   2    -0.898569079792E+02   -0.20958E+03   -0.19499E+03163248   0.192E+02
DAV:   3    -0.976003980514E+02   -0.77435E+01   -0.76848E+01179688   0.326E+01
