       N       E                     dE             d eps       ncg     rms          rms(c)
DAV:   1     0.981971869379E+02    0.98197E+02   -0.21792E+04 16800   0.973E+02
DAV:   2    -0.909134935413E+02   -0.18911E+03   -0.17656E+03 22584   0.179E+02
DAV:   3    -0.976134015739E+02   -0.66999E+01   -0.66494E+01 24960   0.299E+01
DAV:   4    -0.976533084437E+02   -0.39907E-01   -0.39905E-01 19368   0.268E+00
