       N       E                     dE             d eps       ncg     rms          rms(c)
DAV:   1     0.129588607035E+03    0.12959E+03   -0.24741E+04120960   0.116E+03
DAV:   2    -0.893332756002E+02   -0.21892E+03   -0.20331E+03162600   0.198E+02
