       N       E                     dE             d eps       ncg     rms          rms(c)
DAV:   1     0.129588607035E+03    0.12959E+03   -0.24741E+04120960   0.116E+03
DAV:   2    -0.893332756002E+02   -0.21892E+03   -0.20331E+03162600   0.198E+02
DAV:   3    -0.975971507178E+02   -0.82639E+01   -0.81957E+01180264   0.339E+01
DAV:   4    -0.976477093522E+02   -0.50559E-01   -0.50555E-01137040   0.305E+00
