       N       E                     dE             d eps       ncg     rms          rms(c)
DAV:   1     0.624624279164E+02    0.62462E+02   -0.18453E+04120960   0.770E+02
DAV:   2    -0.925370897566E+02   -0.15500E+03   -0.14569E+03167856   0.157E+02
