     #     T [K]    \rho(delta_nk) [meV]
    1.6000024099E+01    1.2000000000E+00
    1.6000037329E+01    1.2600000000E+00
    1.6000664177E+01    1.2900000000E+00
    1.6000124717E+01    1.3500000000E+00
    1.6002037577E+01    1.3800000000E+00
    1.6006453539E+01    1.4100000000E+00
    1.6000001761E+01    1.4400000000E+00
    1.6002295379E+01    1.4700000000E+00
    1.6000002402E+01    1.5000000000E+00
    1.6050815471E+01    1.5300000000E+00
    1.6000118548E+01    1.5600000000E+00
    1.6000487522E+01    1.5900000000E+00
    1.6001833843E+01    1.6200000000E+00
    1.6102397426E+01    1.6500000000E+00
    1.6090293002E+01    1.7400000000E+00
    1.6002305064E+01    1.7700000000E+00
    1.6107949368E+01    1.8000000000E+00
    1.6032880192E+01    1.8300000000E+00
    1.6045854015E+01    1.8600000000E+00
    1.6028467697E+01    1.8900000000E+00
    1.6037931351E+01    1.9200000000E+00
    1.6193954373E+01    1.9500000000E+00
    1.6092298332E+01    1.9800000000E+00
    1.6303479193E+01    2.0100000000E+00
    1.6013710912E+01    2.0400000000E+00
    1.6044899835E+01    2.0700000000E+00
    1.6036664929E+01    2.1000000000E+00
    1.6258328949E+01    2.1300000000E+00
    1.6193831728E+01    2.1600000000E+00
    1.6308806913E+01    2.1900000000E+00
    1.7000000000E+01    2.2200000000E+00
    1.6423437721E+01    2.2500000000E+00
    1.6569560957E+01    2.2800000000E+00
    1.6466707572E+01    2.3100000000E+00
    1.6139047134E+01    2.3400000000E+00
    1.6901207974E+01    2.3700000000E+00
    1.6219986518E+01    2.4000000000E+00
    1.6015026323E+01    2.4300000000E+00
    1.6000116099E+01    2.4600000000E+00
    1.6171511726E+01    2.4900000000E+00
    1.6170910764E+01    2.5200000000E+00
    1.6003787680E+01    2.5500000000E+00
    1.6126398300E+01    2.5800000000E+00
    1.6024048404E+01    2.6100000000E+00
    1.6010381289E+01    2.6400000000E+00
    1.6013716362E+01    2.6700000000E+00
    1.6041486552E+01    2.7000000000E+00
    1.6078664501E+01    2.7300000000E+00
    1.6048465502E+01    2.7600000000E+00
    1.6386951279E+01    2.7900000000E+00
    1.6493620505E+01    2.8200000000E+00
    1.6295730792E+01    2.8500000000E+00
    1.6099859944E+01    2.8800000000E+00
    1.6415542329E+01    2.9100000000E+00
    1.6430635269E+01    2.9400000000E+00
    1.6865876812E+01    2.9700000000E+00
    1.6656932656E+01    3.0000000000E+00
    1.6582192950E+01    3.0300000000E+00
    1.6313212258E+01    3.0600000000E+00
    1.6176005243E+01    3.0900000000E+00
    1.6077019666E+01    3.1200000000E+00
    1.6385201646E+01    3.1500000000E+00
    1.6030888214E+01    3.1800000000E+00
    1.6023012201E+01    3.2100000000E+00
    1.6026460608E+01    3.2400000000E+00
    1.6081138083E+01    3.2700000000E+00
    1.6106409918E+01    3.3000000000E+00
    1.6100769569E+01    3.3300000000E+00
    1.6099257061E+01    3.3600000000E+00
    1.6177203955E+01    3.3900000000E+00
    1.6242368949E+01    3.4200000000E+00
    1.6442249247E+01    3.4500000000E+00
    1.6182569993E+01    3.4800000000E+00
    1.6107718194E+01    3.5100000000E+00
    1.6032061766E+01    3.5400000000E+00
    1.6128679231E+01    3.5700000000E+00
    1.6148817720E+01    3.6000000000E+00
    1.6152241522E+01    3.6300000000E+00
    1.6858286837E+01    3.6600000000E+00
    1.6394834209E+01    3.6900000000E+00
    1.6092787295E+01    3.7200000000E+00
    1.6201123383E+01    3.7500000000E+00
    1.6316251963E+01    3.7800000000E+00
    1.6120003796E+01    3.8100000000E+00
    1.6053948839E+01    3.8400000000E+00
    1.6027026003E+01    3.8700000000E+00
    1.6004070933E+01    3.9000000000E+00
    1.6001141119E+01    3.9300000000E+00
    1.6008398847E+01    3.9600000000E+00
    1.6007503043E+01    3.9900000000E+00
    1.6036685255E+01    4.0200000000E+00
    1.6014658012E+01    4.0800000000E+00
    1.6014719821E+01    4.1100000000E+00
    1.6014798915E+01    4.1700000000E+00
    1.6014887155E+01    4.2000000000E+00
    1.6014968260E+01    4.2300000000E+00
    1.6030082384E+01    4.2600000000E+00
    1.6015062811E+01    4.2900000000E+00
    1.6035996458E+01    4.4400000000E+00
    1.6039199382E+01    4.4700000000E+00
    1.6043880723E+01    4.5000000000E+00
    1.6095872138E+01    4.5300000000E+00
    1.6160461650E+01    4.5900000000E+00
    1.6080151225E+01    4.6200000000E+00
    1.6027439137E+01    4.6500000000E+00
    1.6157352174E+01    4.6800000000E+00
    1.6101679716E+01    4.7100000000E+00
