     #     T [K]    \rho(delta_nk) [meV]
    2.2500010347E+01    2.4000000000E-01
    2.2503985056E+01    2.7000000000E-01
    2.2523063543E+01    3.0000000000E-01
    2.2583505796E+01    3.3000000000E-01
    2.2577289685E+01    3.6000000000E-01
    2.2624935434E+01    3.9000000000E-01
    2.3500000000E+01    4.2000000000E-01
    2.3328594917E+01    4.5000000000E-01
    2.2675627962E+01    4.8000000000E-01
    2.2800514054E+01    5.1000000000E-01
    2.2870580847E+01    5.4000000000E-01
    2.2626427110E+01    5.7000000000E-01
    2.2545548674E+01    6.0000000000E-01
    2.2564930474E+01    6.3000000000E-01
    2.2666176233E+01    6.6000000000E-01
    2.2543428075E+01    6.9000000000E-01
    2.2500010177E+01    9.0000000000E-01
    2.2500125884E+01    9.3000000000E-01
    2.2501719594E+01    9.6000000000E-01
    2.2502507559E+01    9.9000000000E-01
    2.2528933469E+01    1.0200000000E+00
    2.2529080278E+01    1.0500000000E+00
    2.2628510729E+01    1.0800000000E+00
    2.2500093630E+01    1.1100000000E+00
    2.2542738921E+01    1.1400000000E+00
    2.2542268139E+01    1.1700000000E+00
    2.2502096145E+01    1.2000000000E+00
    2.2500057177E+01    1.2300000000E+00
    2.2500020514E+01    1.2600000000E+00
    2.2531013998E+01    1.2900000000E+00
    2.2531448447E+01    1.3200000000E+00
    2.2503401549E+01    1.3500000000E+00
    2.2500521347E+01    1.3800000000E+00
    2.2513339813E+01    1.4100000000E+00
    2.2512601429E+01    1.4400000000E+00
    2.2522238985E+01    1.4700000000E+00
    2.2577993727E+01    1.5000000000E+00
    2.2663541410E+01    1.5300000000E+00
    2.2902800154E+01    1.5600000000E+00
    2.2935807405E+01    1.5900000000E+00
    2.2685589306E+01    1.6200000000E+00
    2.2699326637E+01    1.6500000000E+00
    2.2505540185E+01    1.6800000000E+00
    2.2543704032E+01    1.7100000000E+00
    2.2582135876E+01    1.7400000000E+00
    2.2580312322E+01    1.7700000000E+00
    2.2833797209E+01    1.8000000000E+00
    2.2513482358E+01    1.8300000000E+00
    2.2674051114E+01    1.8600000000E+00
    2.2786367711E+01    1.8900000000E+00
    2.2668331321E+01    1.9200000000E+00
    2.2642745286E+01    1.9500000000E+00
    2.2610560196E+01    1.9800000000E+00
    2.2512207340E+01    2.0100000000E+00
    2.2500792948E+01    2.0400000000E+00
    2.2516225832E+01    2.0700000000E+00
    2.2512561356E+01    2.1000000000E+00
    2.2506319723E+01    2.1300000000E+00
    2.2506353681E+01    2.1600000000E+00
    2.2519269403E+01    2.1900000000E+00
    2.2512930926E+01    2.2200000000E+00
    2.2507795824E+01    2.2800000000E+00
    2.2524488324E+01    2.3100000000E+00
    2.2560000686E+01    2.3400000000E+00
    2.2561158985E+01    2.3700000000E+00
    2.2580705294E+01    2.4000000000E+00
    2.2584430881E+01    2.4300000000E+00
