     #     T [K]    \rho(delta_nk) [meV]
    2.0500020293E+01    6.9000000000E-01
    2.0500559244E+01    7.2000000000E-01
    2.0500105204E+01    7.5000000000E-01
    2.0504065315E+01    7.8000000000E-01
    2.0505019133E+01    8.1000000000E-01
    2.0542792201E+01    8.4000000000E-01
    2.0500020535E+01    8.7000000000E-01
    2.0501808236E+01    9.0000000000E-01
    2.0500226631E+01    9.3000000000E-01
    2.0586208714E+01    9.6000000000E-01
    2.0667970818E+01    9.9000000000E-01
    2.0540368081E+01    1.0200000000E+00
    2.0519201207E+01    1.0500000000E+00
    2.0500498092E+01    1.0800000000E+00
    2.0694960434E+01    1.1100000000E+00
    2.0549411580E+01    1.1400000000E+00
    2.0702936163E+01    1.1700000000E+00
    2.0882393427E+01    1.2000000000E+00
    2.0976189697E+01    1.2300000000E+00
    2.1500000000E+01    1.2600000000E+00
    2.1364460054E+01    1.2900000000E+00
    2.0885129073E+01    1.3200000000E+00
    2.0796578822E+01    1.3500000000E+00
    2.0539931841E+01    1.3800000000E+00
    2.0748707973E+01    1.4100000000E+00
    2.0520548817E+01    1.4400000000E+00
    2.0737222811E+01    1.4700000000E+00
    2.0666939647E+01    1.5000000000E+00
    2.0773064234E+01    1.5300000000E+00
    2.1073156313E+01    1.5600000000E+00
    2.0771553980E+01    1.5900000000E+00
    2.0679957012E+01    1.6200000000E+00
    2.0707500897E+01    1.6500000000E+00
    2.0699652949E+01    1.6800000000E+00
    2.0518226941E+01    1.7100000000E+00
    2.0529334676E+01    1.7400000000E+00
    2.0524032568E+01    1.7700000000E+00
    2.0524852828E+01    1.8000000000E+00
    2.0539616583E+01    1.8300000000E+00
    2.0607632839E+01    1.8600000000E+00
    2.0532742767E+01    1.8900000000E+00
    2.0691469261E+01    1.9200000000E+00
    2.0567403863E+01    1.9500000000E+00
    2.0589244442E+01    1.9800000000E+00
    2.0591884489E+01    2.0100000000E+00
    2.0557122663E+01    2.0400000000E+00
    2.0531822227E+01    2.0700000000E+00
    2.0518541542E+01    2.1000000000E+00
    2.0541864284E+01    2.1300000000E+00
    2.0505114100E+01    2.1600000000E+00
    2.0649614156E+01    2.1900000000E+00
    2.0732618318E+01    2.2200000000E+00
    2.0846295735E+01    2.2500000000E+00
    2.1112146645E+01    2.2800000000E+00
    2.1131152615E+01    2.3100000000E+00
    2.0857935322E+01    2.3400000000E+00
    2.0677598767E+01    2.3700000000E+00
    2.0855854550E+01    2.4000000000E+00
    2.0515775660E+01    2.4300000000E+00
    2.0502262602E+01    2.4600000000E+00
    2.0533845694E+01    2.4900000000E+00
    2.0644845547E+01    2.5200000000E+00
    2.0568020131E+01    2.5500000000E+00
    2.0649318320E+01    2.5800000000E+00
    2.0672055205E+01    2.6100000000E+00
    2.0990661829E+01    2.6400000000E+00
    2.0515049733E+01    2.6700000000E+00
    2.0521730698E+01    2.7000000000E+00
    2.0587178364E+01    2.7300000000E+00
    2.1063268938E+01    2.7600000000E+00
    2.0897655501E+01    2.7900000000E+00
    2.0674749883E+01    2.8200000000E+00
    2.0753279669E+01    2.8500000000E+00
    2.0721257129E+01    2.8800000000E+00
    2.0523057444E+01    2.9100000000E+00
    2.0523022201E+01    2.9400000000E+00
    2.0501098900E+01    2.9700000000E+00
    2.0507508207E+01    3.0000000000E+00
    2.0512608075E+01    3.0300000000E+00
    2.0524601488E+01    3.0600000000E+00
    2.0512343047E+01    3.0900000000E+00
    2.0512395094E+01    3.1200000000E+00
    2.0524997697E+01    3.1800000000E+00
    2.0512604297E+01    3.2100000000E+00
    2.0538015336E+01    3.2400000000E+00
    2.0530311475E+01    3.3600000000E+00
    2.0533008556E+01    3.3900000000E+00
    2.0557467787E+01    3.4200000000E+00
    2.0560213662E+01    3.4500000000E+00
    2.0619953260E+01    3.4800000000E+00
    2.0605764834E+01    3.5100000000E+00
    2.0632501272E+01    3.5400000000E+00
    2.0585621262E+01    3.5700000000E+00
