     #     T [K]    \rho(delta_nk) [meV]
    3.5000403549E+00    1.4700000000E+00
    3.5000260068E+00    1.5000000000E+00
    3.5000028104E+00    1.5900000000E+00
    3.5007138604E+00    1.6200000000E+00
    3.5001346095E+00    1.6800000000E+00
    3.5021988374E+00    1.7100000000E+00
    3.5058321273E+00    1.7700000000E+00
    3.5011321671E+00    1.8000000000E+00
    3.5000019000E+00    1.8300000000E+00
    3.5024770431E+00    1.8600000000E+00
    3.5548283647E+00    1.8900000000E+00
    3.5000369874E+00    1.9200000000E+00
    3.5001278231E+00    1.9500000000E+00
    3.5005255238E+00    1.9800000000E+00
    3.6117515285E+00    2.0400000000E+00
    3.5034682962E+00    2.0700000000E+00
    3.5081763015E+00    2.1000000000E+00
    3.6108183521E+00    2.1600000000E+00
    3.5570045970E+00    2.1900000000E+00
    3.5070898571E+00    2.2200000000E+00
    3.8017874659E+00    2.2500000000E+00
    3.7276253283E+00    2.2800000000E+00
    3.5487588682E+00    2.3100000000E+00
    3.5061925192E+00    2.3400000000E+00
    3.5000010282E+00    2.3700000000E+00
    3.5820646356E+00    2.4000000000E+00
    3.5533706248E+00    2.4300000000E+00
    3.6062779906E+00    2.4600000000E+00
    3.6024439526E+00    2.4900000000E+00
    3.6046236548E+00    2.5200000000E+00
    3.5053607087E+00    2.5500000000E+00
    3.5134373441E+00    2.5800000000E+00
    3.5844654217E+00    2.6100000000E+00
    3.5107546400E+00    2.6400000000E+00
    3.6706672329E+00    2.6700000000E+00
    3.6012182885E+00    2.7000000000E+00
    3.8290788137E+00    2.7300000000E+00
    4.5000000000E+00    2.7600000000E+00
    3.9202327591E+00    2.7900000000E+00
    3.7186965441E+00    2.8200000000E+00
    4.1371769127E+00    2.8500000000E+00
    3.7793549566E+00    2.8800000000E+00
    3.8650836638E+00    2.9100000000E+00
    3.5266766584E+00    2.9400000000E+00
    4.4513866681E+00    2.9700000000E+00
    3.6312881681E+00    3.0000000000E+00
    3.5865031939E+00    3.0300000000E+00
    3.5002125091E+00    3.0600000000E+00
    3.5326580039E+00    3.0900000000E+00
    3.6011352306E+00    3.1200000000E+00
    3.6333235465E+00    3.1500000000E+00
    3.5895698013E+00    3.1800000000E+00
    3.5536484974E+00    3.2100000000E+00
    3.6117465109E+00    3.2400000000E+00
    3.5133966057E+00    3.2700000000E+00
    3.6924780288E+00    3.3000000000E+00
    3.5984886507E+00    3.3300000000E+00
    3.7442450924E+00    3.3600000000E+00
    3.7405643881E+00    3.3900000000E+00
    4.0981783242E+00    3.4200000000E+00
    3.8448370737E+00    3.4500000000E+00
    4.0370674763E+00    3.4800000000E+00
    4.0022606933E+00    3.5100000000E+00
    3.8312629516E+00    3.5400000000E+00
    3.7048441082E+00    3.5700000000E+00
    3.5361326078E+00    3.6000000000E+00
    4.0209607791E+00    3.6300000000E+00
    4.0007276992E+00    3.6600000000E+00
    3.9940559497E+00    3.6900000000E+00
    3.5826382566E+00    3.7200000000E+00
    3.5849907967E+00    3.7500000000E+00
    3.5749974325E+00    3.7800000000E+00
    3.6583280533E+00    3.8100000000E+00
    3.6304817816E+00    3.8400000000E+00
    3.7982341491E+00    3.8700000000E+00
    3.6903923814E+00    3.9000000000E+00
    3.7708039253E+00    3.9300000000E+00
    3.5875610989E+00    3.9600000000E+00
    3.7197864809E+00    3.9900000000E+00
    3.8304344611E+00    4.0200000000E+00
    3.6131298090E+00    4.0500000000E+00
    3.5118750421E+00    4.0800000000E+00
    3.6378511200E+00    4.1100000000E+00
    3.5151305425E+00    4.1400000000E+00
    3.5727731352E+00    4.1700000000E+00
    3.6142757024E+00    4.2000000000E+00
    3.6214540182E+00    4.2300000000E+00
    3.5146011314E+00    4.2600000000E+00
    3.7061524363E+00    4.2900000000E+00
    3.7945344943E+00    4.3200000000E+00
    3.6294545029E+00    4.3500000000E+00
    4.2667203314E+00    4.3800000000E+00
    3.7753394127E+00    4.4100000000E+00
    3.7635753241E+00    4.4400000000E+00
    3.7325094171E+00    4.4700000000E+00
    3.5426819279E+00    4.5000000000E+00
    3.5549510239E+00    4.5300000000E+00
    3.5561424556E+00    4.5600000000E+00
    3.6656969984E+00    4.5900000000E+00
    3.5872767357E+00    4.6200000000E+00
    3.5933013575E+00    4.6500000000E+00
    3.5461301245E+00    4.6800000000E+00
    3.5802985446E+00    4.7100000000E+00
    3.5766681163E+00    4.7400000000E+00
    3.5158180976E+00    4.8000000000E+00
    3.5158847983E+00    4.8600000000E+00
    3.5159701517E+00    4.9200000000E+00
    3.5160653754E+00    4.9500000000E+00
    3.5161528998E+00    4.9800000000E+00
    3.5162159016E+00    5.0100000000E+00
    3.5325022388E+00    5.0400000000E+00
    3.5388453406E+00    5.2200000000E+00
    3.5205224462E+00    5.2500000000E+00
    3.5448724008E+00    5.2800000000E+00
    3.5494367932E+00    5.3100000000E+00
    3.5782834950E+00    5.3400000000E+00
    3.6731611337E+00    5.4300000000E+00
    3.5864946673E+00    5.4600000000E+00
    3.5953368102E+00    5.4900000000E+00
    3.5694514557E+00    5.5200000000E+00
    3.6443550584E+00    5.5500000000E+00
