     #     T [K]    \rho(delta_nk) [meV]
    2.3500430969E+01    3.0000000000E-01
    2.3505719463E+01    3.3000000000E-01
    2.3526941218E+01    3.6000000000E-01
    2.3501295546E+01    3.9000000000E-01
    2.3685437781E+01    4.2000000000E-01
    2.3512404634E+01    4.5000000000E-01
    2.3780495628E+01    4.8000000000E-01
    2.4359118033E+01    5.1000000000E-01
    2.4500000000E+01    5.4000000000E-01
    2.3908350265E+01    5.7000000000E-01
    2.3704068134E+01    6.0000000000E-01
    2.3940194443E+01    6.3000000000E-01
    2.3933748469E+01    6.6000000000E-01
    2.3722296102E+01    6.9000000000E-01
    2.3641829091E+01    7.2000000000E-01
    2.3562944349E+01    7.5000000000E-01
    2.3598317419E+01    7.8000000000E-01
    2.3688648935E+01    8.1000000000E-01
    2.3593750985E+01    8.4000000000E-01
    2.3500878240E+01    8.7000000000E-01
    2.3558056490E+01    9.0000000000E-01
    2.3599240601E+01    9.3000000000E-01
    2.4007606628E+01    9.6000000000E-01
    2.4378239534E+01    9.9000000000E-01
    2.3825083079E+01    1.0200000000E+00
    2.3528320021E+01    1.0500000000E+00
    2.3649568922E+01    1.0800000000E+00
    2.3995685252E+01    1.1100000000E+00
    2.3575326815E+01    1.1400000000E+00
    2.4107688009E+01    1.1700000000E+00
    2.3794990921E+01    1.2000000000E+00
    2.3642864628E+01    1.2300000000E+00
    2.3505348188E+01    1.2600000000E+00
    2.3531197061E+01    1.2900000000E+00
    2.3507803636E+01    1.3200000000E+00
    2.3531639553E+01    1.3500000000E+00
    2.3515967192E+01    1.3800000000E+00
    2.3519083332E+01    1.4100000000E+00
    2.3594870588E+01    1.4400000000E+00
    2.3642106361E+01    1.4700000000E+00
    2.3637324390E+01    1.5000000000E+00
