     #     T [K]    \rho(delta_nk) [meV]
    6.0000419284E+00    1.4700000000E+00
    6.0000270208E+00    1.5000000000E+00
    6.0000029199E+00    1.6200000000E+00
    6.0007416947E+00    1.6500000000E+00
    6.0001401023E+00    1.6800000000E+00
    6.0022823321E+00    1.7100000000E+00
    6.0000022407E+00    1.7400000000E+00
    6.0060421166E+00    1.7700000000E+00
    6.0011937241E+00    1.8000000000E+00
    6.0000019741E+00    1.8300000000E+00
    6.0025736260E+00    1.8600000000E+00
    6.0569661893E+00    1.8900000000E+00
    6.0000384296E+00    1.9200000000E+00
    6.0001328070E+00    1.9500000000E+00
    6.0005460146E+00    1.9800000000E+00
    6.1158082553E+00    2.0400000000E+00
    6.0039041303E+00    2.0700000000E+00
    6.0084950509E+00    2.1000000000E+00
    6.1151392943E+00    2.1600000000E+00
    6.0569516087E+00    2.1900000000E+00
    6.0096418962E+00    2.2200000000E+00
    6.2913460378E+00    2.2500000000E+00
    6.2587092246E+00    2.2800000000E+00
    6.0506600855E+00    2.3100000000E+00
    6.0064339731E+00    2.3400000000E+00
    6.0852651290E+00    2.4000000000E+00
    6.0553033469E+00    2.4300000000E+00
    6.1105688097E+00    2.4600000000E+00
    6.1059281980E+00    2.4900000000E+00
    6.1136237285E+00    2.5200000000E+00
    6.0000501653E+00    2.5500000000E+00
    6.0651434349E+00    2.5800000000E+00
    6.0376689071E+00    2.6100000000E+00
    6.0090742065E+00    2.6400000000E+00
    6.1777624691E+00    2.6700000000E+00
    6.0930043294E+00    2.7000000000E+00
    6.4619090451E+00    2.7300000000E+00
    7.0000000000E+00    2.7600000000E+00
    6.3689103707E+00    2.7900000000E+00
    6.2277477379E+00    2.8200000000E+00
    6.8411369338E+00    2.8500000000E+00
    6.2218129566E+00    2.8800000000E+00
    6.2640701020E+00    2.9100000000E+00
    6.2563048616E+00    2.9400000000E+00
    6.8360308749E+00    2.9700000000E+00
    6.0630034194E+00    3.0000000000E+00
    6.0917063869E+00    3.0300000000E+00
    6.0002301768E+00    3.0600000000E+00
    6.0345661241E+00    3.0900000000E+00
    6.1020872487E+00    3.1200000000E+00
    6.1880379881E+00    3.1500000000E+00
    6.0827011430E+00    3.1800000000E+00
    6.0200597029E+00    3.2100000000E+00
    6.1126851706E+00    3.2400000000E+00
    6.0160922333E+00    3.2700000000E+00
    6.1999493985E+00    3.3000000000E+00
    6.0793706871E+00    3.3300000000E+00
    6.3826551781E+00    3.3600000000E+00
    6.3468550342E+00    3.3900000000E+00
    6.5445261809E+00    3.4200000000E+00
    6.4013429824E+00    3.4500000000E+00
    6.5639114051E+00    3.4800000000E+00
    6.3482775276E+00    3.5100000000E+00
    6.3734087456E+00    3.5400000000E+00
    6.1824304863E+00    3.5700000000E+00
    6.0386811866E+00    3.6000000000E+00
    6.2207122910E+00    3.6300000000E+00
    6.7397693767E+00    3.6600000000E+00
    6.1449089759E+00    3.6900000000E+00
    6.4796012648E+00    3.7200000000E+00
    6.0787886059E+00    3.7500000000E+00
    6.1588158797E+00    3.7800000000E+00
    6.1177019896E+00    3.8100000000E+00
    6.1092543650E+00    3.8400000000E+00
    6.2110066615E+00    3.8700000000E+00
    6.3479106810E+00    3.9000000000E+00
    6.2925099786E+00    3.9300000000E+00
    6.1497741200E+00    3.9600000000E+00
    6.2600850791E+00    3.9900000000E+00
    6.3684466853E+00    4.0200000000E+00
    6.0154802695E+00    4.0500000000E+00
    6.1313008232E+00    4.0800000000E+00
    6.0280501718E+00    4.1100000000E+00
    6.0139368985E+00    4.1400000000E+00
    6.1030014823E+00    4.1700000000E+00
    6.0585448181E+00    4.2000000000E+00
    6.1531518228E+00    4.2300000000E+00
    6.1138690331E+00    4.2600000000E+00
    6.1965484534E+00    4.2900000000E+00
    6.3431073459E+00    4.3200000000E+00
    6.5689498132E+00    4.3500000000E+00
    6.3570944654E+00    4.3800000000E+00
    6.2476133977E+00    4.4100000000E+00
    6.1624335047E+00    4.4400000000E+00
    6.2826255021E+00    4.4700000000E+00
    6.0337401178E+00    4.5000000000E+00
    6.0528105930E+00    4.5300000000E+00
    6.0734476024E+00    4.5600000000E+00
    6.0533155356E+00    4.5900000000E+00
    6.1192681277E+00    4.6200000000E+00
    6.0606455913E+00    4.6500000000E+00
    6.1397069413E+00    4.6800000000E+00
    6.0678697767E+00    4.7100000000E+00
    6.0912342329E+00    4.7400000000E+00
    6.0385252380E+00    4.7700000000E+00
    6.0164348644E+00    4.8000000000E+00
    6.0165041659E+00    4.8600000000E+00
    6.0165928473E+00    4.9200000000E+00
    6.0166917839E+00    4.9500000000E+00
    6.0167827210E+00    4.9800000000E+00
    6.0337289872E+00    5.0100000000E+00
    6.0168887328E+00    5.0400000000E+00
    6.0403599676E+00    5.2200000000E+00
    6.0439511519E+00    5.2500000000E+00
    6.0239935196E+00    5.2800000000E+00
    6.1327002574E+00    5.3100000000E+00
    6.1595159279E+00    5.4000000000E+00
    6.0777964239E+00    5.4300000000E+00
    6.0632330686E+00    5.4600000000E+00
    6.1029264728E+00    5.4900000000E+00
    6.1091382199E+00    5.5200000000E+00
    6.0783671811E+00    5.5500000000E+00
