     #     T [K]    \rho(delta_nk) [meV]
    1.2000019924E+01    1.3800000000E+00
    1.2000030916E+01    1.4100000000E+00
    1.2000549049E+01    1.5000000000E+00
    1.2000103126E+01    1.5600000000E+00
    1.2001684553E+01    1.5900000000E+00
    1.2004455192E+01    1.6200000000E+00
    1.2000880229E+01    1.6500000000E+00
    1.2000001456E+01    1.6800000000E+00
    1.2001897689E+01    1.7100000000E+00
    1.2000001986E+01    1.7400000000E+00
    1.2042011354E+01    1.7700000000E+00
    1.2000097927E+01    1.8000000000E+00
    1.2000422206E+01    1.8300000000E+00
    1.2001516118E+01    1.8900000000E+00
    1.2084636798E+01    1.9200000000E+00
    1.2000998006E+01    1.9800000000E+00
    1.2076643299E+01    2.0100000000E+00
    1.2005389237E+01    2.0400000000E+00
    1.2019027550E+01    2.0700000000E+00
    1.2112653270E+01    2.1000000000E+00
    1.2030391113E+01    2.1300000000E+00
    1.2097457387E+01    2.1600000000E+00
    1.2245131085E+01    2.1900000000E+00
    1.2001184448E+01    2.2200000000E+00
    1.2064127611E+01    2.2500000000E+00
    1.2040823468E+01    2.2800000000E+00
    1.2000383700E+01    2.3100000000E+00
    1.2161513775E+01    2.3400000000E+00
    1.2078106804E+01    2.3700000000E+00
    1.2048370515E+01    2.4000000000E+00
    1.2030804713E+01    2.4300000000E+00
    1.2005438871E+01    2.4600000000E+00
    1.2129514923E+01    2.4900000000E+00
    1.2233794390E+01    2.5200000000E+00
    1.2264783995E+01    2.5500000000E+00
    1.2712920884E+01    2.5800000000E+00
    1.2269214266E+01    2.6100000000E+00
    1.2272073485E+01    2.6400000000E+00
    1.2481613915E+01    2.6700000000E+00
    1.2277013831E+01    2.7000000000E+00
    1.2080093093E+01    2.7300000000E+00
    1.2791781476E+01    2.7600000000E+00
    1.2042144843E+01    2.7900000000E+00
    1.2054580780E+01    2.8200000000E+00
    1.2004803949E+01    2.8500000000E+00
    1.2072858335E+01    2.8800000000E+00
    1.2091055604E+01    2.9100000000E+00
    1.2063005018E+01    2.9400000000E+00
    1.2027281227E+01    2.9700000000E+00
    1.2115759684E+01    3.0000000000E+00
    1.2007276295E+01    3.0300000000E+00
    1.2060011905E+01    3.0600000000E+00
    1.2002350071E+01    3.0900000000E+00
    1.2007613992E+01    3.1200000000E+00
    1.2150427982E+01    3.1500000000E+00
    1.2052328916E+01    3.1800000000E+00
    1.2157389290E+01    3.2100000000E+00
    1.2269961485E+01    3.2400000000E+00
    1.2377378060E+01    3.2700000000E+00
    1.2384489238E+01    3.3000000000E+00
    1.3000000000E+01    3.3300000000E+00
    1.2491385687E+01    3.3600000000E+00
    1.2290203639E+01    3.3900000000E+00
    1.2202857019E+01    3.4200000000E+00
    1.2101313530E+01    3.4500000000E+00
    1.2255638805E+01    3.4800000000E+00
    1.2297030766E+01    3.5100000000E+00
    1.2217287741E+01    3.5400000000E+00
    1.2035500219E+01    3.5700000000E+00
    1.2061982215E+01    3.6000000000E+00
    1.2043350005E+01    3.6300000000E+00
    1.2059967839E+01    3.6600000000E+00
    1.2094533919E+01    3.6900000000E+00
    1.2009291519E+01    3.7200000000E+00
    1.2197152683E+01    3.7500000000E+00
    1.2101208586E+01    3.7800000000E+00
    1.2160262494E+01    3.8100000000E+00
    1.2304795967E+01    3.8400000000E+00
    1.2014313193E+01    3.8700000000E+00
    1.2096513353E+01    3.9000000000E+00
    1.2095746025E+01    3.9300000000E+00
    1.2019643488E+01    3.9600000000E+00
    1.2007708981E+01    3.9900000000E+00
    1.2035985534E+01    4.0200000000E+00
    1.2143610194E+01    4.0500000000E+00
    1.2155348071E+01    4.0800000000E+00
    1.2495894501E+01    4.1100000000E+00
    1.2354763719E+01    4.1400000000E+00
    1.2185883521E+01    4.1700000000E+00
    1.2183417056E+01    4.2000000000E+00
    1.2378374931E+01    4.2300000000E+00
    1.2104039282E+01    4.2600000000E+00
    1.2069394688E+01    4.2900000000E+00
    1.2111273771E+01    4.3200000000E+00
    1.2000809380E+01    4.3500000000E+00
    1.2001266326E+01    4.3800000000E+00
    1.2003608020E+01    4.4100000000E+00
    1.2006355105E+01    4.4400000000E+00
    1.2012378620E+01    4.4700000000E+00
    1.2024153763E+01    4.5000000000E+00
    1.2012118415E+01    4.5600000000E+00
    1.2012169515E+01    4.6200000000E+00
    1.2012234905E+01    4.6800000000E+00
    1.2012307857E+01    4.7100000000E+00
    1.2012374910E+01    4.7400000000E+00
    1.2037323492E+01    4.7700000000E+00
    1.2029759833E+01    4.9500000000E+00
    1.2015722467E+01    4.9800000000E+00
    1.2034377229E+01    5.0100000000E+00
    1.2018586231E+01    5.0400000000E+00
    1.2079261656E+01    5.0700000000E+00
    1.2132660608E+01    5.1300000000E+00
    1.2042324073E+01    5.1600000000E+00
    1.2046625547E+01    5.1900000000E+00
    1.2075893883E+01    5.2200000000E+00
    1.2080474178E+01    5.2500000000E+00
    1.2057784840E+01    5.2800000000E+00
