     #     T [K]    \rho(delta_nk) [meV]
    1.4500024043E+01    1.2900000000E+00
    1.4500037242E+01    1.3200000000E+00
    1.4500002598E+01    1.3800000000E+00
    1.4500660176E+01    1.4100000000E+00
    1.4500124445E+01    1.4400000000E+00
    1.4502032808E+01    1.4700000000E+00
    1.4505376263E+01    1.5000000000E+00
    1.4501062173E+01    1.5300000000E+00
    1.4500001757E+01    1.5600000000E+00
    1.4502290007E+01    1.5900000000E+00
    1.4500002396E+01    1.6200000000E+00
    1.4550696545E+01    1.6500000000E+00
    1.4500604014E+01    1.6800000000E+00
    1.4501853199E+01    1.7400000000E+00
    1.4602134133E+01    1.7700000000E+00
    1.4590749354E+01    1.8600000000E+00
    1.4501888530E+01    1.8900000000E+00
    1.4516194151E+01    1.9200000000E+00
    1.4621867792E+01    1.9500000000E+00
    1.4531250167E+01    1.9800000000E+00
    1.4581751782E+01    2.0100000000E+00
    1.4569678892E+01    2.0400000000E+00
    1.4667560396E+01    2.0700000000E+00
    1.4753787239E+01    2.1000000000E+00
    1.4502786587E+01    2.1300000000E+00
    1.4596857010E+01    2.1600000000E+00
    1.4500325639E+01    2.1900000000E+00
    1.4565689431E+01    2.2200000000E+00
    1.4626141091E+01    2.2500000000E+00
    1.4656339501E+01    2.2800000000E+00
    1.4698376018E+01    2.3100000000E+00
    1.4702873738E+01    2.3400000000E+00
    1.5308296686E+01    2.3700000000E+00
    1.5038912228E+01    2.4000000000E+00
    1.4820510282E+01    2.4300000000E+00
    1.5159394452E+01    2.4600000000E+00
    1.4832722466E+01    2.4900000000E+00
    1.4821057956E+01    2.5200000000E+00
    1.5279180255E+01    2.5500000000E+00
    1.4567388688E+01    2.5800000000E+00
    1.4572858353E+01    2.6100000000E+00
    1.4502450894E+01    2.6400000000E+00
    1.4600207834E+01    2.6700000000E+00
    1.4676238046E+01    2.7000000000E+00
    1.4502922563E+01    2.7300000000E+00
    1.4611960139E+01    2.7600000000E+00
    1.4508909991E+01    2.7900000000E+00
    1.4553246124E+01    2.8200000000E+00
    1.4538362724E+01    2.8500000000E+00
    1.4515116930E+01    2.8800000000E+00
    1.4552455313E+01    2.9100000000E+00
    1.4558115459E+01    2.9400000000E+00
    1.4503617497E+01    2.9700000000E+00
    1.4685724757E+01    3.0000000000E+00
    1.5476768981E+01    3.0300000000E+00
    1.4889346657E+01    3.0600000000E+00
    1.4804136963E+01    3.0900000000E+00
    1.5234249785E+01    3.1200000000E+00
    1.5034411764E+01    3.1500000000E+00
    1.5149513932E+01    3.1800000000E+00
    1.4974598857E+01    3.2100000000E+00
    1.4842556696E+01    3.2400000000E+00
    1.4646781548E+01    3.2700000000E+00
    1.4896388175E+01    3.3000000000E+00
    1.4539835461E+01    3.3300000000E+00
    1.4515128460E+01    3.3600000000E+00
    1.4513503737E+01    3.3900000000E+00
    1.4540547005E+01    3.4200000000E+00
    1.4572593813E+01    3.4500000000E+00
    1.4538709015E+01    3.4800000000E+00
    1.4638174086E+01    3.5100000000E+00
    1.4681308950E+01    3.5400000000E+00
    1.4593414227E+01    3.5700000000E+00
    1.4791806019E+01    3.6000000000E+00
    1.4830726879E+01    3.6300000000E+00
    1.4561881954E+01    3.6600000000E+00
    1.4685865908E+01    3.6900000000E+00
    1.4568457884E+01    3.7200000000E+00
    1.4546092485E+01    3.7500000000E+00
    1.4563176354E+01    3.7800000000E+00
    1.4619149988E+01    3.8100000000E+00
    1.4777882050E+01    3.8400000000E+00
    1.5500000000E+01    3.8700000000E+00
    1.4766123595E+01    3.9000000000E+00
    1.4733560262E+01    3.9300000000E+00
    1.4580673748E+01    3.9600000000E+00
    1.4904016416E+01    3.9900000000E+00
    1.4514895954E+01    4.0200000000E+00
    1.4534436179E+01    4.0500000000E+00
    1.4549239207E+01    4.0800000000E+00
    1.4501767263E+01    4.1100000000E+00
    1.4504203414E+01    4.1400000000E+00
    1.4508524191E+01    4.1700000000E+00
    1.4507485483E+01    4.2000000000E+00
    1.4536599399E+01    4.2300000000E+00
    1.4514623708E+01    4.2900000000E+00
    1.4514685372E+01    4.3500000000E+00
    1.4514764280E+01    4.4100000000E+00
    1.4514852314E+01    4.4400000000E+00
    1.4529924704E+01    4.4700000000E+00
    1.4530048066E+01    4.5000000000E+00
    1.4554885055E+01    4.6800000000E+00
    1.4520134801E+01    4.7100000000E+00
    1.4521349383E+01    4.7400000000E+00
    1.4618076408E+01    4.7700000000E+00
    1.4660086114E+01    4.8300000000E+00
    1.4551073913E+01    4.8600000000E+00
    1.4556264650E+01    4.8900000000E+00
    1.4624970543E+01    4.9200000000E+00
    1.4633455123E+01    4.9500000000E+00
