     #     T [K]    \rho(delta_nk) [meV]
    4.5000417656E+00    1.4700000000E+00
    4.5000269159E+00    1.5000000000E+00
    4.5000029086E+00    1.5900000000E+00
    4.5007388160E+00    1.6200000000E+00
    4.5001393152E+00    1.6800000000E+00
    4.5022757058E+00    1.7100000000E+00
    4.5060360105E+00    1.7700000000E+00
    4.5011717461E+00    1.8000000000E+00
    4.5000019665E+00    1.8300000000E+00
    4.5025636371E+00    1.8600000000E+00
    4.5567450889E+00    1.8900000000E+00
    4.5000382805E+00    1.9200000000E+00
    4.5001322916E+00    1.9500000000E+00
    4.5005438954E+00    1.9800000000E+00
    4.6156582083E+00    2.0400000000E+00
    4.5035895430E+00    2.0700000000E+00
    4.5084621338E+00    2.1000000000E+00
    4.6146924093E+00    2.1600000000E+00
    4.5589973994E+00    2.1900000000E+00
    4.5073377088E+00    2.2200000000E+00
    4.8123375407E+00    2.2500000000E+00
    4.7355827967E+00    2.2800000000E+00
    4.5504634112E+00    2.3100000000E+00
    4.5064090012E+00    2.3400000000E+00
    4.5000010642E+00    2.3700000000E+00
    4.5849335024E+00    2.4000000000E+00
    4.5552363884E+00    2.4300000000E+00
    4.6099933230E+00    2.4600000000E+00
    4.6060252523E+00    2.4900000000E+00
    4.6082811539E+00    2.5200000000E+00
    4.5055481117E+00    2.5500000000E+00
    4.5637849989E+00    2.5800000000E+00
    4.5375403274E+00    2.6100000000E+00
    4.5111305930E+00    2.6400000000E+00
    4.6766335247E+00    2.6700000000E+00
    4.6047578745E+00    2.7000000000E+00
    4.9469565098E+00    2.7300000000E+00
    5.5000000000E+00    2.7600000000E+00
    4.8635074560E+00    2.7900000000E+00
    4.7429235554E+00    2.8200000000E+00
    5.2162339488E+00    2.8500000000E+00
    4.7907663790E+00    2.8800000000E+00
    4.8028370409E+00    2.9100000000E+00
    4.7510357337E+00    2.9400000000E+00
    5.3465421230E+00    2.9700000000E+00
    4.5505550406E+00    3.0000000000E+00
    4.5895272266E+00    3.0300000000E+00
    4.5002644469E+00    3.0600000000E+00
    4.5337551741E+00    3.0900000000E+00
    4.6046707791E+00    3.1200000000E+00
    4.6849862444E+00    3.1500000000E+00
    4.5456991483E+00    3.1800000000E+00
    4.5555239751E+00    3.2100000000E+00
    4.6156203219E+00    3.2400000000E+00
    4.5138976259E+00    3.2700000000E+00
    4.6992078227E+00    3.3000000000E+00
    4.6019306518E+00    3.3300000000E+00
    4.8601710418E+00    3.3600000000E+00
    4.6416031963E+00    3.3900000000E+00
    5.1210098997E+00    3.4200000000E+00
    4.8549555347E+00    3.4500000000E+00
    5.0685043786E+00    3.4800000000E+00
    5.0071710424E+00    3.5100000000E+00
    4.8608948063E+00    3.5400000000E+00
    4.6939400511E+00    3.5700000000E+00
    4.5384500780E+00    3.6000000000E+00
    5.0381193420E+00    3.6300000000E+00
    5.0308298032E+00    3.6600000000E+00
    4.9987292995E+00    3.6900000000E+00
    4.5855271764E+00    3.7200000000E+00
    4.5879619581E+00    3.7500000000E+00
    4.5776192396E+00    3.7800000000E+00
    4.6638631014E+00    3.8100000000E+00
    4.6350431282E+00    3.8400000000E+00
    4.8905147791E+00    3.8700000000E+00
    4.6152134482E+00    3.9000000000E+00
    4.7910171238E+00    3.9300000000E+00
    4.6823697465E+00    3.9600000000E+00
    4.7141329895E+00    3.9900000000E+00
    4.7528090370E+00    4.0200000000E+00
    4.6170846716E+00    4.0500000000E+00
    4.5605295440E+00    4.0800000000E+00
    4.6067256987E+00    4.1100000000E+00
    4.5033647145E+00    4.1400000000E+00
    4.6120802707E+00    4.1700000000E+00
    4.5815077839E+00    4.2000000000E+00
    4.6408111146E+00    4.2300000000E+00
    4.7133592420E+00    4.2900000000E+00
    4.8253422934E+00    4.3200000000E+00
    4.9379211022E+00    4.3500000000E+00
    4.9690714936E+00    4.3800000000E+00
    4.8071002395E+00    4.4100000000E+00
    4.7506542153E+00    4.4400000000E+00
    4.7406376265E+00    4.4700000000E+00
    4.5664703373E+00    4.5000000000E+00
    4.5430306693E+00    4.5300000000E+00
    4.5578394251E+00    4.5600000000E+00
    4.6633002902E+00    4.5900000000E+00
    4.6223186750E+00    4.6200000000E+00
    4.5647221223E+00    4.6500000000E+00
    4.5475928280E+00    4.6800000000E+00
    4.5914483508E+00    4.7100000000E+00
    4.5710056487E+00    4.7400000000E+00
    4.5163710765E+00    4.8000000000E+00
    4.5164401090E+00    4.8600000000E+00
    4.5165284462E+00    4.9200000000E+00
    4.5166269988E+00    4.9500000000E+00
    4.5167175830E+00    4.9800000000E+00
    4.5335980764E+00    5.0100000000E+00
    4.5168231833E+00    5.0400000000E+00
    4.5402033203E+00    5.2200000000E+00
    4.5437805663E+00    5.2500000000E+00
    4.5239003946E+00    5.2800000000E+00
    4.5511650355E+00    5.3100000000E+00
    4.5810201783E+00    5.3400000000E+00
    4.5229700823E+00    5.4000000000E+00
    4.6853942496E+00    5.4300000000E+00
    4.5603686788E+00    5.4600000000E+00
    4.5986696540E+00    5.4900000000E+00
    4.6432178777E+00    5.5200000000E+00
    4.5780630181E+00    5.5500000000E+00
