     #     T [K]    \rho(delta_nk) [meV]
    2.3000012379E+01    3.6000000000E-01
    2.3001829625E+01    3.9000000000E-01
    2.3004118357E+01    4.2000000000E-01
    2.3026412926E+01    4.5000000000E-01
    2.3053529082E+01    4.8000000000E-01
    2.3103532234E+01    5.1000000000E-01
    2.3035333393E+01    5.4000000000E-01
    2.3120149768E+01    5.7000000000E-01
    2.3173551072E+01    6.0000000000E-01
    2.4000000000E+01    6.3000000000E-01
    2.3952810746E+01    6.6000000000E-01
    2.3147797307E+01    6.9000000000E-01
    2.3158237669E+01    7.2000000000E-01
    2.3138566515E+01    7.5000000000E-01
    2.3547424802E+01    7.8000000000E-01
    2.3358457472E+01    8.1000000000E-01
    2.3179335192E+01    8.4000000000E-01
    2.3069266157E+01    8.7000000000E-01
    2.3043142503E+01    9.0000000000E-01
    2.3064768045E+01    9.3000000000E-01
    2.3070021514E+01    9.6000000000E-01
    2.3205849786E+01    9.9000000000E-01
    2.3067544278E+01    1.0200000000E+00
    2.3030224480E+01    1.0500000000E+00
    2.3029162765E+01    1.0800000000E+00
    2.3125635121E+01    1.1100000000E+00
    2.3550847602E+01    1.1400000000E+00
    2.3744655694E+01    1.1700000000E+00
    2.3291787613E+01    1.2000000000E+00
    2.3046709641E+01    1.2300000000E+00
    2.3092626455E+01    1.2600000000E+00
    2.3151743650E+01    1.2900000000E+00
    2.3399365137E+01    1.3200000000E+00
    2.3072983821E+01    1.3500000000E+00
    2.3447267833E+01    1.3800000000E+00
    2.3352460180E+01    1.4100000000E+00
    2.3197765896E+01    1.4400000000E+00
    2.3015625541E+01    1.4700000000E+00
    2.3005084955E+01    1.5000000000E+00
    2.3022697536E+01    1.5300000000E+00
    2.3015090068E+01    1.5600000000E+00
    2.3015248395E+01    1.5900000000E+00
    2.3030877571E+01    1.6200000000E+00
    2.3038624712E+01    1.6800000000E+00
    2.3071784742E+01    1.7100000000E+00
    2.3110702214E+01    1.7400000000E+00
    2.3160037016E+01    1.7700000000E+00
