     #     T [K]    \rho(delta_nk) [meV]
    1.2500055626E+01    1.3800000000E+00
    1.2500601377E+01    1.5000000000E+00
    1.2500112954E+01    1.5600000000E+00
    1.2501845103E+01    1.5900000000E+00
    1.2504879830E+01    1.6200000000E+00
    1.2500964094E+01    1.6500000000E+00
    1.2500001594E+01    1.6800000000E+00
    1.2502078552E+01    1.7100000000E+00
    1.2500002175E+01    1.7400000000E+00
    1.2546015330E+01    1.7700000000E+00
    1.2500128724E+01    1.8000000000E+00
    1.2500440981E+01    1.8300000000E+00
    1.2592946053E+01    1.8900000000E+00
    1.2501417838E+01    1.9200000000E+00
    1.2501093167E+01    1.9500000000E+00
    1.2501226990E+01    1.9800000000E+00
    1.2586782682E+01    2.0100000000E+00
    1.2501838107E+01    2.0400000000E+00
    1.2622706772E+01    2.0700000000E+00
    1.2554814780E+01    2.1000000000E+00
    1.2561283131E+01    2.1300000000E+00
    1.2628624203E+01    2.1600000000E+00
    1.2685332214E+01    2.1900000000E+00
    1.2571274220E+01    2.2200000000E+00
    1.2544786099E+01    2.2500000000E+00
    1.2500197507E+01    2.2800000000E+00
    1.2500413428E+01    2.3100000000E+00
    1.2676905219E+01    2.3400000000E+00
    1.2586516442E+01    2.3700000000E+00
    1.2585699043E+01    2.4000000000E+00
    1.2500058572E+01    2.4300000000E+00
    1.2646460953E+01    2.4600000000E+00
    1.2587056215E+01    2.4900000000E+00
    1.2779665558E+01    2.5200000000E+00
    1.3397008710E+01    2.5500000000E+00
    1.2730900282E+01    2.5800000000E+00
    1.2697884262E+01    2.6100000000E+00
    1.3251170371E+01    2.6400000000E+00
    1.2802775447E+01    2.6700000000E+00
    1.2526646909E+01    2.7000000000E+00
    1.3318850414E+01    2.7300000000E+00
    1.2649083913E+01    2.7600000000E+00
    1.2571891042E+01    2.7900000000E+00
    1.2501880535E+01    2.8200000000E+00
    1.2505571400E+01    2.8500000000E+00
    1.2578564239E+01    2.8800000000E+00
    1.2630877012E+01    2.9100000000E+00
    1.2564979557E+01    2.9400000000E+00
    1.2597662830E+01    2.9700000000E+00
    1.2531586939E+01    3.0000000000E+00
    1.2550336955E+01    3.0300000000E+00
    1.2523717803E+01    3.0600000000E+00
    1.2502225340E+01    3.0900000000E+00
    1.2511622414E+01    3.1200000000E+00
    1.2703204631E+01    3.1500000000E+00
    1.2676299395E+01    3.1800000000E+00
    1.2806789550E+01    3.2100000000E+00
    1.2793967105E+01    3.2400000000E+00
    1.3032777750E+01    3.2700000000E+00
    1.2871288523E+01    3.3000000000E+00
    1.3500000000E+01    3.3300000000E+00
    1.3060904274E+01    3.3600000000E+00
    1.2674267619E+01    3.3900000000E+00
    1.2631057531E+01    3.4200000000E+00
    1.2782557465E+01    3.4500000000E+00
    1.2648457993E+01    3.4800000000E+00
    1.2675941730E+01    3.5100000000E+00
    1.2775451773E+01    3.5400000000E+00
    1.2556234381E+01    3.5700000000E+00
    1.2603012312E+01    3.6000000000E+00
    1.2563083957E+01    3.6300000000E+00
    1.2613756076E+01    3.6600000000E+00
    1.2576279933E+01    3.6900000000E+00
    1.2652948369E+01    3.7200000000E+00
    1.2600911769E+01    3.7500000000E+00
    1.2675565035E+01    3.7800000000E+00
    1.2793498105E+01    3.8100000000E+00
    1.2550287374E+01    3.8400000000E+00
    1.2615673468E+01    3.8700000000E+00
    1.2594438540E+01    3.9000000000E+00
    1.2529422319E+01    3.9300000000E+00
    1.2512307141E+01    3.9600000000E+00
    1.2526737254E+01    3.9900000000E+00
    1.2677287921E+01    4.0200000000E+00
    1.2715328075E+01    4.0500000000E+00
    1.3228607825E+01    4.0800000000E+00
    1.2710844927E+01    4.1100000000E+00
    1.2720058769E+01    4.1400000000E+00
    1.2694016654E+01    4.1700000000E+00
    1.2803750621E+01    4.2000000000E+00
    1.2534537405E+01    4.2300000000E+00
    1.2643469924E+01    4.2600000000E+00
    1.2617973934E+01    4.2900000000E+00
    1.2532023922E+01    4.3200000000E+00
    1.2534564659E+01    4.3500000000E+00
    1.2507737085E+01    4.3800000000E+00
    1.2506794289E+01    4.4100000000E+00
    1.2519984719E+01    4.4400000000E+00
    1.2513235167E+01    4.4700000000E+00
    1.2513273384E+01    4.5000000000E+00
    1.2513329355E+01    4.5600000000E+00
    1.2513400977E+01    4.6200000000E+00
    1.2527035208E+01    4.6800000000E+00
    1.2527240737E+01    4.7100000000E+00
    1.2513639945E+01    4.7400000000E+00
    1.2549817081E+01    4.9200000000E+00
    1.2518275595E+01    4.9500000000E+00
    1.2539735654E+01    4.9800000000E+00
    1.2586815846E+01    5.0100000000E+00
    1.2554102235E+01    5.0700000000E+00
    1.2614835945E+01    5.1000000000E+00
    1.2548945876E+01    5.1300000000E+00
    1.2579999641E+01    5.1600000000E+00
    1.2616118567E+01    5.1900000000E+00
    1.2563292139E+01    5.2200000000E+00
