     #     T [K]    \rho(delta_nk) [meV]
    9.5000390722E+00    1.4400000000E+00
    9.5000251801E+00    1.4700000000E+00
    9.5000027210E+00    1.5600000000E+00
    9.5006911697E+00    1.5900000000E+00
    9.5001303308E+00    1.6500000000E+00
    9.5021289453E+00    1.6800000000E+00
    9.5056304908E+00    1.7100000000E+00
    9.5011124370E+00    1.7400000000E+00
    9.5000018396E+00    1.7700000000E+00
    9.5023983080E+00    1.8000000000E+00
    9.5000025096E+00    1.8300000000E+00
    9.5530830839E+00    1.8600000000E+00
    9.5000358118E+00    1.8900000000E+00
    9.5001238635E+00    1.9200000000E+00
    9.5005093834E+00    1.9500000000E+00
    9.6098353530E+00    2.0100000000E+00
    9.5017221011E+00    2.0400000000E+00
    9.5079164101E+00    2.0700000000E+00
    9.5922165153E+00    2.1000000000E+00
    9.5150795934E+00    2.1300000000E+00
    9.5551926369E+00    2.1600000000E+00
    9.6117616427E+00    2.1900000000E+00
    9.6937855249E+00    2.2200000000E+00
    9.7139021768E+00    2.2500000000E+00
    9.5501942112E+00    2.2800000000E+00
    9.5030111410E+00    2.3100000000E+00
    9.5011422941E+00    2.3400000000E+00
    9.6299883782E+00    2.3700000000E+00
    9.6028995876E+00    2.4000000000E+00
    9.5004769327E+00    2.4300000000E+00
    9.7000090929E+00    2.4600000000E+00
    9.5051467613E+00    2.4900000000E+00
    9.5597133843E+00    2.5200000000E+00
    9.5351210020E+00    2.5500000000E+00
    9.5043740191E+00    2.5800000000E+00
    9.6712811724E+00    2.6100000000E+00
    9.6815488490E+00    2.6400000000E+00
    9.8345852556E+00    2.6700000000E+00
    1.0500000000E+01    2.7000000000E+00
    9.7755749396E+00    2.7300000000E+00
    9.7282890413E+00    2.7600000000E+00
    1.0294575517E+01    2.7900000000E+00
    9.7769986989E+00    2.8200000000E+00
    9.6688383078E+00    2.8500000000E+00
    1.0179104570E+01    2.8800000000E+00
    9.8707809854E+00    2.9100000000E+00
    9.5765863823E+00    2.9400000000E+00
    9.5143696084E+00    2.9700000000E+00
    9.5011707252E+00    3.0000000000E+00
    9.5874707106E+00    3.0300000000E+00
    9.6417185083E+00    3.0600000000E+00
    9.6006253971E+00    3.0900000000E+00
    9.5154927672E+00    3.1200000000E+00
    9.6571711715E+00    3.1500000000E+00
    9.5153049821E+00    3.1800000000E+00
    9.5006325940E+00    3.2100000000E+00
    9.6948225402E+00    3.2400000000E+00
    9.5268800786E+00    3.2700000000E+00
    9.6932472235E+00    3.3000000000E+00
    9.8836896396E+00    3.3300000000E+00
    9.9606976486E+00    3.3600000000E+00
    9.9192143414E+00    3.3900000000E+00
    1.0031234842E+01    3.4200000000E+00
    9.8864493882E+00    3.4500000000E+00
    9.8445194255E+00    3.4800000000E+00
    9.7487823260E+00    3.5100000000E+00
    9.9970058813E+00    3.5400000000E+00
    1.0039560346E+01    3.5700000000E+00
    9.9368425295E+00    3.6000000000E+00
    9.6476447278E+00    3.6300000000E+00
    9.5726972736E+00    3.6600000000E+00
    9.5039326917E+00    3.6900000000E+00
    9.6489354706E+00    3.7200000000E+00
    9.7003266690E+00    3.7500000000E+00
    9.8243549986E+00    3.7800000000E+00
    9.6305706103E+00    3.8100000000E+00
    9.6496156488E+00    3.8400000000E+00
    9.6658986121E+00    3.8700000000E+00
    9.6407465177E+00    3.9000000000E+00
    9.6940473723E+00    3.9300000000E+00
    9.8387250000E+00    3.9600000000E+00
    9.5000016265E+00    3.9900000000E+00
    9.6334759004E+00    4.0200000000E+00
    9.5261110157E+00    4.0500000000E+00
    9.6457532590E+00    4.0800000000E+00
    9.5153795153E+00    4.1100000000E+00
    9.5438879892E+00    4.1400000000E+00
    9.6149761905E+00    4.1700000000E+00
    9.6809646874E+00    4.2000000000E+00
    9.8020008570E+00    4.2300000000E+00
    9.9317186312E+00    4.2600000000E+00
    1.0047203236E+01    4.2900000000E+00
    9.5747310506E+00    4.3200000000E+00
    9.8189951572E+00    4.3500000000E+00
    9.7838555809E+00    4.3800000000E+00
    9.5261618921E+00    4.4100000000E+00
    9.5164547201E+00    4.4400000000E+00
    9.6829968759E+00    4.4700000000E+00
    9.5800358427E+00    4.5000000000E+00
    9.6190260394E+00    4.5300000000E+00
    9.5373828589E+00    4.5600000000E+00
    9.5424518030E+00    4.5900000000E+00
    9.5870247299E+00    4.6200000000E+00
    9.5305256297E+00    4.6500000000E+00
    9.5153153045E+00    4.7100000000E+00
    9.5153798850E+00    4.7700000000E+00
    9.5154625254E+00    4.8300000000E+00
    9.5155547223E+00    4.8600000000E+00
    9.5156394647E+00    4.8900000000E+00
    9.5314313337E+00    4.9200000000E+00
    9.5157382548E+00    4.9500000000E+00
    9.5574807258E+00    5.1300000000E+00
    9.5210870331E+00    5.1600000000E+00
    9.5223590562E+00    5.1900000000E+00
    9.6236605786E+00    5.2200000000E+00
    9.6676570441E+00    5.3100000000E+00
    9.5837453529E+00    5.3400000000E+00
    9.5286695586E+00    5.3700000000E+00
    9.6308807572E+00    5.4000000000E+00
    9.6397665970E+00    5.4300000000E+00
