     #     T [K]    \rho(delta_nk) [meV]
    1.0000363133E+00    1.4700000000E+00
    1.0000234022E+00    1.5000000000E+00
    1.0000025289E+00    1.5900000000E+00
    1.0006423662E+00    1.6200000000E+00
    1.0001211281E+00    1.6800000000E+00
    1.0019786206E+00    1.7100000000E+00
    1.0062668102E+00    1.7700000000E+00
    1.0000017098E+00    1.8300000000E+00
    1.0022289636E+00    1.8600000000E+00
    1.0493372239E+00    1.8900000000E+00
    1.0000332831E+00    1.9200000000E+00
    1.0001150214E+00    1.9500000000E+00
    1.0004728918E+00    1.9800000000E+00
    1.1005594497E+00    2.0400000000E+00
    1.0031209412E+00    2.0700000000E+00
    1.0073574330E+00    2.1000000000E+00
    1.0997197323E+00    2.1600000000E+00
    1.0512955034E+00    2.1900000000E+00
    1.0063797976E+00    2.2200000000E+00
    1.2735158140E+00    2.2500000000E+00
    1.2028755156E+00    2.2800000000E+00
    1.0438755963E+00    2.3100000000E+00
    1.0055723294E+00    2.3400000000E+00
    1.0000009252E+00    2.3700000000E+00
    1.0738457425E+00    2.4000000000E+00
    1.0480254787E+00    2.4300000000E+00
    1.0956340946E+00    2.4600000000E+00
    1.0921840411E+00    2.4900000000E+00
    1.0941454430E+00    2.5200000000E+00
    1.0048238259E+00    2.5500000000E+00
    1.0639164524E+00    2.5800000000E+00
    1.0241812209E+00    2.6100000000E+00
    1.0621567534E+00    2.6400000000E+00
    1.1010954414E+00    2.6700000000E+00
    1.1688580206E+00    2.7000000000E+00
    1.3108346318E+00    2.7300000000E+00
    2.0000000000E+00    2.7600000000E+00
    1.1855039405E+00    2.7900000000E+00
    1.2112107685E+00    2.8200000000E+00
    1.7361317672E+00    2.8500000000E+00
    1.1714583570E+00    2.8800000000E+00
    1.2317483373E+00    2.9100000000E+00
    1.2247623676E+00    2.9400000000E+00
    1.7290350921E+00    2.9700000000E+00
    1.0439552639E+00    3.0000000000E+00
    1.0778397726E+00    3.0300000000E+00
    1.0002299243E+00    3.0600000000E+00
    1.0293485589E+00    3.0900000000E+00
    1.0910007151E+00    3.1200000000E+00
    1.1608426371E+00    3.1500000000E+00
    1.0397332906E+00    3.1800000000E+00
    1.0482755220E+00    3.2100000000E+00
    1.1005553672E+00    3.2400000000E+00
    1.0120544835E+00    3.2700000000E+00
    1.1732019658E+00    3.3000000000E+00
    1.0886239759E+00    3.3300000000E+00
    1.3113306923E+00    3.3600000000E+00
    1.1249244106E+00    3.3900000000E+00
    1.5400516081E+00    3.4200000000E+00
    1.3085194204E+00    3.4500000000E+00
    1.4942881991E+00    3.4800000000E+00
    1.4410080065E+00    3.5100000000E+00
    1.2980407342E+00    3.5400000000E+00
    1.1843161504E+00    3.5700000000E+00
    1.1842994574E+00    3.6000000000E+00
    1.3170009689E+00    3.6300000000E+00
    1.4615318549E+00    3.6600000000E+00
    1.4336220028E+00    3.6900000000E+00
    1.0743619145E+00    3.7200000000E+00
    1.0975665393E+00    3.7500000000E+00
    1.0463986350E+00    3.7800000000E+00
    1.1417042777E+00    3.8100000000E+00
    1.1539148822E+00    3.8400000000E+00
    1.3035165985E+00    3.8700000000E+00
    1.1004392195E+00    3.9000000000E+00
    1.2530432454E+00    3.9300000000E+00
    1.1585620332E+00    3.9600000000E+00
    1.1097469629E+00    3.9900000000E+00
    1.2962375130E+00    4.0200000000E+00
    1.1017996934E+00    4.0500000000E+00
    1.0106857393E+00    4.0800000000E+00
    1.1347349396E+00    4.1100000000E+00
    1.0029254632E+00    4.1400000000E+00
    1.0761034905E+00    4.1700000000E+00
    1.0922120554E+00    4.2000000000E+00
    1.1224290276E+00    4.2300000000E+00
    1.1855059687E+00    4.2900000000E+00
    1.2828700399E+00    4.3200000000E+00
    1.0986558399E+00    4.3500000000E+00
    1.7085853702E+00    4.3800000000E+00
    1.2481744931E+00    4.4100000000E+00
    1.2181139458E+00    4.4400000000E+00
    1.2268991809E+00    4.4700000000E+00
    1.0401169549E+00    4.5000000000E+00
    1.0300619927E+00    4.5300000000E+00
    1.0505197067E+00    4.5600000000E+00
    1.1751727143E+00    4.5900000000E+00
    1.0800908746E+00    4.6200000000E+00
    1.0563315465E+00    4.6500000000E+00
    1.0415101251E+00    4.6800000000E+00
    1.1056224301E+00    4.7100000000E+00
    1.0356237904E+00    4.7400000000E+00
    1.0142338920E+00    4.8000000000E+00
    1.0142939125E+00    4.8600000000E+00
    1.0143707177E+00    4.9200000000E+00
    1.0144564046E+00    4.9500000000E+00
    1.0145351633E+00    4.9800000000E+00
    1.0292119697E+00    5.0100000000E+00
    1.0146269779E+00    5.0400000000E+00
    1.0349549230E+00    5.2200000000E+00
    1.0380651725E+00    5.2500000000E+00
    1.0207802850E+00    5.2800000000E+00
    1.0444856261E+00    5.3100000000E+00
    1.0704432886E+00    5.3400000000E+00
    1.0199714216E+00    5.4000000000E+00
    1.1358473716E+00    5.4300000000E+00
    1.0778321000E+00    5.4600000000E+00
    1.0857886894E+00    5.4900000000E+00
    1.0933612939E+00    5.5200000000E+00
    1.0990321855E+00    5.5500000000E+00
