     #     T [K]    \rho(delta_nk) [meV]
    8.5000449333E+00    1.4400000000E+00
    8.5000290880E+00    1.4700000000E+00
    8.5000031347E+00    1.5900000000E+00
    8.5007965190E+00    1.6200000000E+00
    8.5001501466E+00    1.6500000000E+00
    8.5024502300E+00    1.6800000000E+00
    8.5000024055E+00    1.7100000000E+00
    8.5064865999E+00    1.7400000000E+00
    8.5012815394E+00    1.7700000000E+00
    8.5000021194E+00    1.8000000000E+00
    8.5027629527E+00    1.8300000000E+00
    8.5611283277E+00    1.8600000000E+00
    8.5000697885E+00    1.8900000000E+00
    8.5001425769E+00    1.9200000000E+00
    8.5005861817E+00    1.9500000000E+00
    8.6235501889E+00    2.0100000000E+00
    8.5033377398E+00    2.0400000000E+00
    8.5016310575E+00    2.0700000000E+00
    8.5091201455E+00    2.1000000000E+00
    8.6236094946E+00    2.1300000000E+00
    8.5193360767E+00    2.1600000000E+00
    8.5521605405E+00    2.1900000000E+00
    8.7310098037E+00    2.2200000000E+00
    8.7352745627E+00    2.2500000000E+00
    8.6786178146E+00    2.2800000000E+00
    8.5069072829E+00    2.3100000000E+00
    8.5000011469E+00    2.3400000000E+00
    8.5915368426E+00    2.3700000000E+00
    8.5595323135E+00    2.4000000000E+00
    8.6185432456E+00    2.4300000000E+00
    8.6142691186E+00    2.4600000000E+00
    8.6178921968E+00    2.4900000000E+00
    8.5047865875E+00    2.5200000000E+00
    8.5796097344E+00    2.5500000000E+00
    8.5295933296E+00    2.5800000000E+00
    8.5770475421E+00    2.6100000000E+00
    8.7231995452E+00    2.6400000000E+00
    8.7337524421E+00    2.6700000000E+00
    9.0108369929E+00    2.7000000000E+00
    9.5000000000E+00    2.7300000000E+00
    8.8913194870E+00    2.7600000000E+00
    8.7161466695E+00    2.7900000000E+00
    9.3800810274E+00    2.8200000000E+00
    8.9028334155E+00    2.8500000000E+00
    8.5338102525E+00    2.8800000000E+00
    9.2724262476E+00    2.9100000000E+00
    8.9265529724E+00    2.9400000000E+00
    8.5908957771E+00    2.9700000000E+00
    8.5151883658E+00    3.0000000000E+00
    8.5000718366E+00    3.0300000000E+00
    8.6039742241E+00    3.0600000000E+00
    8.6685050828E+00    3.0900000000E+00
    8.6074605186E+00    3.1200000000E+00
    8.5178475368E+00    3.1500000000E+00
    8.6832063651E+00    3.1800000000E+00
    8.5154928862E+00    3.2100000000E+00
    8.5009110032E+00    3.2400000000E+00
    8.7517452571E+00    3.2700000000E+00
    8.5760076651E+00    3.3000000000E+00
    8.8884143595E+00    3.3300000000E+00
    8.7048512013E+00    3.3600000000E+00
    9.1574338117E+00    3.3900000000E+00
    8.9701168296E+00    3.4200000000E+00
    9.1855297141E+00    3.4500000000E+00
    8.8576287887E+00    3.4800000000E+00
    8.8867556767E+00    3.5100000000E+00
    8.8077043857E+00    3.5400000000E+00
    8.9606845634E+00    3.5700000000E+00
    9.0228409777E+00    3.6000000000E+00
    9.1020166250E+00    3.6300000000E+00
    8.6700930002E+00    3.6600000000E+00
    8.5837521840E+00    3.6900000000E+00
    8.5497442521E+00    3.7200000000E+00
    8.6263645309E+00    3.7500000000E+00
    8.7406933209E+00    3.7800000000E+00
    8.8746657608E+00    3.8100000000E+00
    8.6526207990E+00    3.8400000000E+00
    8.6592635839E+00    3.8700000000E+00
    8.6911333003E+00    3.9000000000E+00
    8.6607657007E+00    3.9300000000E+00
    8.7331846206E+00    3.9600000000E+00
    8.8819595980E+00    3.9900000000E+00
    8.5000018738E+00    4.0200000000E+00
    8.6537695485E+00    4.0500000000E+00
    8.5300812642E+00    4.0800000000E+00
    8.6299296689E+00    4.1100000000E+00
    8.5557022300E+00    4.1400000000E+00
    8.5505608285E+00    4.1700000000E+00
    8.6324574571E+00    4.2000000000E+00
    8.7084790096E+00    4.2300000000E+00
    8.8479178201E+00    4.2600000000E+00
    8.9973582081E+00    4.2900000000E+00
    9.0059902439E+00    4.3200000000E+00
    8.7105044816E+00    4.3500000000E+00
    8.8674959761E+00    4.3800000000E+00
    8.7921704063E+00    4.4100000000E+00
    8.5649828961E+00    4.4400000000E+00
    8.5110953327E+00    4.4700000000E+00
    8.6988051284E+00    4.5000000000E+00
    8.6120809445E+00    4.5300000000E+00
    8.6368812048E+00    4.5600000000E+00
    8.5394064130E+00    4.5900000000E+00
    8.5528083602E+00    4.6200000000E+00
    8.5912648874E+00    4.6500000000E+00
    8.5441581219E+00    4.6800000000E+00
    8.5176438815E+00    4.7400000000E+00
    8.5177182811E+00    4.8000000000E+00
    8.5178134863E+00    4.8600000000E+00
    8.5359370289E+00    4.9200000000E+00
    8.5362102320E+00    4.9500000000E+00
    8.5181311383E+00    4.9800000000E+00
    8.5433290150E+00    5.1600000000E+00
    8.5471843818E+00    5.1900000000E+00
    8.5257585828E+00    5.2200000000E+00
    8.5551429726E+00    5.2500000000E+00
    8.5873192686E+00    5.2800000000E+00
    8.6440078962E+00    5.3400000000E+00
    8.6107621409E+00    5.3700000000E+00
    8.5678847566E+00    5.4000000000E+00
    8.5733123915E+00    5.4300000000E+00
    8.6543526636E+00    5.4600000000E+00
    8.5841321975E+00    5.4900000000E+00
