     #     T [K]    \rho(delta_nk) [meV]
    1.8000025886E+01    1.0800000000E+00
    1.8000007443E+01    1.1400000000E+00
    1.8000746056E+01    1.1700000000E+00
    1.8000134216E+01    1.2000000000E+00
    1.8002188595E+01    1.2300000000E+00
    1.8006915174E+01    1.2600000000E+00
    1.8000018572E+01    1.2900000000E+00
    1.8002465505E+01    1.3200000000E+00
    1.8000002580E+01    1.3500000000E+00
    1.8054607257E+01    1.3800000000E+00
    1.8000624795E+01    1.4100000000E+00
    1.8111931093E+01    1.4700000000E+00
    1.8000025512E+01    1.5000000000E+00
    1.8096984049E+01    1.5600000000E+00
    1.8007138057E+01    1.5900000000E+00
    1.8134663852E+01    1.6200000000E+00
    1.8055656435E+01    1.6500000000E+00
    1.8005538698E+01    1.6800000000E+00
    1.8016451290E+01    1.7100000000E+00
    1.8188181269E+01    1.7400000000E+00
    1.8075507446E+01    1.7700000000E+00
    1.8202700587E+01    1.8000000000E+00
    1.8284273052E+01    1.8300000000E+00
    1.8036106644E+01    1.8600000000E+00
    1.8175571629E+01    1.8900000000E+00
    1.8186627408E+01    1.9200000000E+00
    1.8791926793E+01    1.9500000000E+00
    1.9000000000E+01    1.9800000000E+00
    1.8539976579E+01    2.0100000000E+00
    1.8758221673E+01    2.0400000000E+00
    1.8360834068E+01    2.0700000000E+00
    1.8812241898E+01    2.1000000000E+00
    1.8127681916E+01    2.1300000000E+00
    1.8000183741E+01    2.1600000000E+00
    1.8165751121E+01    2.1900000000E+00
    1.8201675394E+01    2.2200000000E+00
    1.8079932509E+01    2.2500000000E+00
    1.8110187581E+01    2.2800000000E+00
    1.8019063076E+01    2.3100000000E+00
    1.8035394361E+01    2.3400000000E+00
    1.8010555348E+01    2.3700000000E+00
    1.8064697475E+01    2.4000000000E+00
    1.8035293616E+01    2.4300000000E+00
    1.8023195488E+01    2.4600000000E+00
    1.8036124689E+01    2.4900000000E+00
    1.8556569692E+01    2.5200000000E+00
    1.8509746557E+01    2.5500000000E+00
    1.8161216838E+01    2.5800000000E+00
    1.8287727327E+01    2.6100000000E+00
    1.8443586442E+01    2.6400000000E+00
    1.8763205537E+01    2.6700000000E+00
    1.8800574125E+01    2.7000000000E+00
    1.8894923036E+01    2.7300000000E+00
    1.8498214230E+01    2.7600000000E+00
    1.8190090900E+01    2.7900000000E+00
    1.8081771677E+01    2.8200000000E+00
    1.8436644989E+01    2.8500000000E+00
    1.8029220449E+01    2.8800000000E+00
    1.8035477703E+01    2.9100000000E+00
    1.8083970036E+01    2.9400000000E+00
    1.8086074415E+01    2.9700000000E+00
    1.8138103690E+01    3.0000000000E+00
    1.8106474753E+01    3.0300000000E+00
    1.8210696607E+01    3.0600000000E+00
    1.8282118438E+01    3.0900000000E+00
    1.8472634392E+01    3.1200000000E+00
    1.8247313303E+01    3.1500000000E+00
    1.8056079502E+01    3.1800000000E+00
    1.8131440620E+01    3.2100000000E+00
    1.8161644806E+01    3.2400000000E+00
    1.8281931253E+01    3.2700000000E+00
    1.8814291876E+01    3.3000000000E+00
    1.8421514838E+01    3.3300000000E+00
    1.8210818616E+01    3.3600000000E+00
    1.8323075779E+01    3.3900000000E+00
    1.8128960516E+01    3.4200000000E+00
    1.8160109883E+01    3.4500000000E+00
    1.8032288587E+01    3.4800000000E+00
    1.8019432866E+01    3.5100000000E+00
    1.8001413776E+01    3.5400000000E+00
    1.8009780114E+01    3.5700000000E+00
    1.8008023335E+01    3.6000000000E+00
    1.8039440057E+01    3.6300000000E+00
    1.8015744417E+01    3.6900000000E+00
    1.8015810807E+01    3.7200000000E+00
    1.8015895763E+01    3.7800000000E+00
    1.8015990543E+01    3.8100000000E+00
    1.8032218027E+01    3.8400000000E+00
    1.8032350843E+01    3.8700000000E+00
    1.8019503744E+01    3.9900000000E+00
    1.8061265368E+01    4.0200000000E+00
    1.8098996094E+01    4.0800000000E+00
    1.8051114796E+01    4.1100000000E+00
    1.8111563667E+01    4.1400000000E+00
    1.8119928534E+01    4.1700000000E+00
    1.8125554909E+01    4.2000000000E+00
    1.8137657382E+01    4.2300000000E+00
    1.8071445162E+01    4.2600000000E+00
