     #     T [K]    \rho(delta_nk) [meV]
    2.1000017810E+01    7.2000000000E-01
    2.1000490805E+01    7.8000000000E-01
    2.1000092347E+01    8.1000000000E-01
    2.1005488446E+01    8.4000000000E-01
    2.1000815768E+01    8.7000000000E-01
    2.1001698152E+01    9.0000000000E-01
    2.1037642285E+01    9.3000000000E-01
    2.1000360298E+01    9.6000000000E-01
    2.1001355320E+01    9.9000000000E-01
    2.1075661644E+01    1.0200000000E+00
    2.1066726801E+01    1.0500000000E+00
    2.1006396810E+01    1.0800000000E+00
    2.1092406296E+01    1.1100000000E+00
    2.1033508072E+01    1.1400000000E+00
    2.1056137560E+01    1.1700000000E+00
    2.1037625238E+01    1.2000000000E+00
    2.1084282418E+01    1.2300000000E+00
    2.1063413451E+01    1.2600000000E+00
    2.1210266571E+01    1.2900000000E+00
    2.1682073504E+01    1.3200000000E+00
    2.2000000000E+01    1.3500000000E+00
    2.1722049689E+01    1.3800000000E+00
    2.1705780214E+01    1.4100000000E+00
    2.1192356845E+01    1.4400000000E+00
    2.1084583409E+01    1.4700000000E+00
    2.1188697571E+01    1.5000000000E+00
    2.1093828886E+01    1.5300000000E+00
    2.1033044657E+01    1.5600000000E+00
    2.1001563823E+01    1.5900000000E+00
    2.1098563370E+01    1.6200000000E+00
    2.1318073742E+01    1.6500000000E+00
    2.1462105990E+01    1.6800000000E+00
    2.1097943540E+01    1.7100000000E+00
    2.1200102824E+01    1.7400000000E+00
    2.1200127816E+01    1.7700000000E+00
    2.1103466929E+01    1.8000000000E+00
    2.1036960066E+01    1.8300000000E+00
    2.1040628705E+01    1.8600000000E+00
    2.1020341947E+01    1.8900000000E+00
    2.1205560263E+01    1.9200000000E+00
    2.1292608751E+01    1.9500000000E+00
    2.1579603187E+01    1.9800000000E+00
    2.1746901897E+01    2.0100000000E+00
    2.1461735990E+01    2.0400000000E+00
    2.1116471567E+01    2.0700000000E+00
    2.1380353728E+01    2.1000000000E+00
    2.1160220084E+01    2.1300000000E+00
    2.1124100274E+01    2.1600000000E+00
    2.1070684758E+01    2.1900000000E+00
    2.1148528040E+01    2.2200000000E+00
    2.1124055565E+01    2.2500000000E+00
    2.1271071644E+01    2.2800000000E+00
    2.1319741226E+01    2.3100000000E+00
    2.1016254071E+01    2.3400000000E+00
    2.1007252400E+01    2.3700000000E+00
    2.1570457978E+01    2.4000000000E+00
    2.1349001849E+01    2.4300000000E+00
    2.1153369014E+01    2.4600000000E+00
    2.1228752602E+01    2.4900000000E+00
    2.1205386295E+01    2.5200000000E+00
    2.1022671302E+01    2.5500000000E+00
    2.1000930587E+01    2.5800000000E+00
    2.1006731594E+01    2.6100000000E+00
    2.1021855258E+01    2.6400000000E+00
    2.1010801669E+01    2.6700000000E+00
    2.1010832860E+01    2.7000000000E+00
    2.1010878539E+01    2.7300000000E+00
    2.1010936992E+01    2.7600000000E+00
    2.1022064351E+01    2.7900000000E+00
    2.1033364112E+01    2.8200000000E+00
    2.1026602828E+01    2.9100000000E+00
    2.1028969917E+01    2.9400000000E+00
    2.1032429616E+01    2.9700000000E+00
    2.1070853359E+01    3.0000000000E+00
    2.1118587602E+01    3.0300000000E+00
    2.1079513598E+01    3.0600000000E+00
    2.1191434967E+01    3.0900000000E+00
