     #     T [K]    \rho(delta_nk) [meV]
    5.0004574120E-01    1.4100000000E+00
    5.0002953012E-01    1.4700000000E+00
    5.0000319111E-01    1.5600000000E+00
    5.0081057285E-01    1.5900000000E+00
    5.0015284610E-01    1.6500000000E+00
    5.0249673180E-01    1.6800000000E+00
    5.0790780401E-01    1.7400000000E+00
    5.0000215746E-01    1.8000000000E+00
    5.0281262829E-01    1.8300000000E+00
    5.6225640895E-01    1.8600000000E+00
    5.0004199842E-01    1.8900000000E+00
    5.0014514029E-01    1.9200000000E+00
    5.0059672079E-01    1.9500000000E+00
    6.2725069667E-01    2.0100000000E+00
    5.0357889423E-01    2.0400000000E+00
    5.0928417776E-01    2.0700000000E+00
    6.2583181507E-01    2.1000000000E+00
    5.1719678086E-01    2.1300000000E+00
    5.4753069231E-01    2.1600000000E+00
    7.1399114115E-01    2.1900000000E+00
    8.9512563433E-01    2.2200000000E+00
    5.0007025099E-01    2.2500000000E+00
    5.5889520180E-01    2.2800000000E+00
    5.0350130626E-01    2.3100000000E+00
    5.0134965086E-01    2.3400000000E+00
    6.5208151708E-01    2.3700000000E+00
    6.2102822204E-01    2.4000000000E+00
    6.1576532149E-01    2.4300000000E+00
    6.1820427985E-01    2.4600000000E+00
    5.0723398492E-01    2.4900000000E+00
    5.0000755335E-01    2.5200000000E+00
    6.1114461926E-01    2.5500000000E+00
    5.0600625252E-01    2.5800000000E+00
    6.9818118981E-01    2.6100000000E+00
    6.0164126549E-01    2.6400000000E+00
    7.4027169582E-01    2.6700000000E+00
    1.3356598798E+00    2.7000000000E+00
    1.3268430959E+00    2.7300000000E+00
    7.9925140377E-01    2.7600000000E+00
    9.3917423988E-01    2.7900000000E+00
    1.1492559923E+00    2.8200000000E+00
    9.1007137863E-01    2.8500000000E+00
    5.3444549854E-01    2.8800000000E+00
    1.4410973571E+00    2.9100000000E+00
    7.8877697108E-01    2.9400000000E+00
    5.9800180918E-01    2.9700000000E+00
    5.0025947543E-01    3.0000000000E+00
    5.3820193081E-01    3.0300000000E+00
    6.3916469441E-01    3.0600000000E+00
    6.2626033972E-01    3.0900000000E+00
    6.6229823860E-01    3.1200000000E+00
    5.0123615548E-01    3.1500000000E+00
    6.2631926677E-01    3.1800000000E+00
    7.3291090988E-01    3.2100000000E+00
    5.0503723443E-01    3.2400000000E+00
    7.4034131026E-01    3.2700000000E+00
    9.1461243393E-01    3.3000000000E+00
    7.3811730988E-01    3.3300000000E+00
    1.2689840375E+00    3.3600000000E+00
    9.3504077985E-01    3.3900000000E+00
    1.1095280047E+00    3.4200000000E+00
    8.8097794153E-01    3.4500000000E+00
    8.6508661084E-01    3.4800000000E+00
    6.0661237480E-01    3.5100000000E+00
    5.4967759447E-01    3.5400000000E+00
    1.5000000000E+00    3.5700000000E+00
    6.4573613249E-01    3.6000000000E+00
    1.0271928948E+00    3.6300000000E+00
    5.9568246240E-01    3.6600000000E+00
    6.3677980427E-01    3.6900000000E+00
    5.9101741363E-01    3.7200000000E+00
    6.6405026537E-01    3.7500000000E+00
    7.2566885096E-01    3.7800000000E+00
    8.1623034856E-01    3.8100000000E+00
    9.1835932117E-01    3.8400000000E+00
    6.6367030940E-01    3.8700000000E+00
    7.9599948302E-01    3.9000000000E+00
    7.6433117004E-01    3.9300000000E+00
    6.4230455316E-01    3.9600000000E+00
    6.5816045412E-01    3.9900000000E+00
    5.1717244524E-01    4.0200000000E+00
    5.2665253000E-01    4.0500000000E+00
    6.1460012201E-01    4.0800000000E+00
    5.8833442815E-01    4.1100000000E+00
    6.3324877495E-01    4.1400000000E+00
    7.2548798296E-01    4.1700000000E+00
    7.4338585287E-01    4.2000000000E+00
    7.4166276386E-01    4.2300000000E+00
    1.2449506240E+00    4.2600000000E+00
    7.9039710955E-01    4.2900000000E+00
    8.9764087631E-01    4.3200000000E+00
    7.1088094648E-01    4.3500000000E+00
    6.2844168957E-01    4.3800000000E+00
    5.5648483533E-01    4.4100000000E+00
    5.6754167352E-01    4.4400000000E+00
    5.4867204939E-01    4.4700000000E+00
    6.5857153887E-01    4.5000000000E+00
    5.9430489779E-01    4.5300000000E+00
    6.5357671309E-01    4.5600000000E+00
    5.6501961307E-01    4.5900000000E+00
    5.6725071671E-01    4.6200000000E+00
    5.8371194708E-01    4.6500000000E+00
    5.1796110385E-01    4.6800000000E+00
    5.1803684102E-01    4.7400000000E+00
    5.1813375794E-01    4.7700000000E+00
    5.1824188236E-01    4.8300000000E+00
    5.1834126444E-01    4.8600000000E+00
    5.3686126184E-01    4.8900000000E+00
    5.1845712109E-01    4.9200000000E+00
    5.6741082341E-01    5.1000000000E+00
    5.5095162966E-01    5.1300000000E+00
    5.5613439741E-01    5.1600000000E+00
    5.8888919638E-01    5.1900000000E+00
    5.2520103267E-01    5.2500000000E+00
    7.0340051338E-01    5.2800000000E+00
    5.3074904443E-01    5.3100000000E+00
    6.4373575534E-01    5.3400000000E+00
    5.7680213162E-01    5.3700000000E+00
    6.6597048887E-01    5.4000000000E+00
