     #     T [K]    \rho(delta_nk) [meV]
    2.2000018153E+01    5.7000000000E-01
    2.2000500253E+01    6.0000000000E-01
    2.2000094125E+01    6.3000000000E-01
    2.2006397410E+01    6.6000000000E-01
    2.2001759013E+01    6.9000000000E-01
    2.2038733705E+01    7.2000000000E-01
    2.2001381856E+01    7.5000000000E-01
    2.2077118274E+01    7.8000000000E-01
    2.2069582383E+01    8.1000000000E-01
    2.2008545008E+01    8.4000000000E-01
    2.2124606872E+01    8.7000000000E-01
    2.2057701368E+01    9.0000000000E-01
    2.2038730859E+01    9.3000000000E-01
    2.2102193784E+01    9.6000000000E-01
    2.2177449708E+01    9.9000000000E-01
    2.2686375720E+01    1.0200000000E+00
    2.3000000000E+01    1.0500000000E+00
    2.2975014178E+01    1.0800000000E+00
    2.2715776798E+01    1.1100000000E+00
    2.2074045918E+01    1.1400000000E+00
    2.2298267387E+01    1.1700000000E+00
    2.2106472723E+01    1.2000000000E+00
    2.2128966363E+01    1.2300000000E+00
    2.2454759336E+01    1.2600000000E+00
    2.2277497709E+01    1.2900000000E+00
    2.2280028973E+01    1.3200000000E+00
    2.2304010200E+01    1.3500000000E+00
    2.2051335028E+01    1.3800000000E+00
    2.2011772749E+01    1.4100000000E+00
    2.2040257950E+01    1.4400000000E+00
    2.2071988843E+01    1.4700000000E+00
    2.2065492305E+01    1.5000000000E+00
    2.2164861805E+01    1.5300000000E+00
    2.2369511103E+01    1.5600000000E+00
    2.2813884491E+01    1.5900000000E+00
    2.2986006386E+01    1.6200000000E+00
    2.2379897599E+01    1.6500000000E+00
    2.2324497542E+01    1.6800000000E+00
    2.2009696276E+01    1.7100000000E+00
    2.2076702769E+01    1.7400000000E+00
    2.2083417928E+01    1.7700000000E+00
    2.2201590080E+01    1.8000000000E+00
    2.2555096412E+01    1.8300000000E+00
    2.2054213928E+01    1.8600000000E+00
    2.2009617844E+01    1.8900000000E+00
    2.2581483264E+01    1.9200000000E+00
    2.2440584279E+01    1.9500000000E+00
    2.2302868358E+01    1.9800000000E+00
    2.2211086274E+01    2.0100000000E+00
    2.2023208984E+01    2.0400000000E+00
    2.2000992008E+01    2.0700000000E+00
    2.2012368227E+01    2.1000000000E+00
    2.2027633818E+01    2.1300000000E+00
    2.2022129373E+01    2.1600000000E+00
    2.2011147545E+01    2.1900000000E+00
    2.2011214013E+01    2.2200000000E+00
    2.2045281525E+01    2.2500000000E+00
    2.2041440124E+01    2.3400000000E+00
    2.2048256406E+01    2.3700000000E+00
    2.2072217386E+01    2.4000000000E+00
    2.2181245909E+01    2.4300000000E+00
    2.2163140083E+01    2.4600000000E+00
    2.2052649292E+01    2.4900000000E+00
