     #     T [K]    \rho(delta_nk) [meV]
    7.5000293833E+00    1.4400000000E+00
    7.5000160760E+00    1.4700000000E+00
    7.5000292963E+00    1.5000000000E+00
    7.5000031658E+00    1.5900000000E+00
    7.5008041549E+00    1.6200000000E+00
    7.5001518760E+00    1.6500000000E+00
    7.5024769632E+00    1.7100000000E+00
    7.5065509405E+00    1.7400000000E+00
    7.5012942510E+00    1.7700000000E+00
    7.5000021404E+00    1.8000000000E+00
    7.5027903584E+00    1.8300000000E+00
    7.5000029198E+00    1.8600000000E+00
    7.5617605549E+00    1.8900000000E+00
    7.5000416659E+00    1.9200000000E+00
    7.5001441114E+00    1.9500000000E+00
    7.5005926521E+00    1.9800000000E+00
    7.6281465307E+00    2.0400000000E+00
    7.5016471767E+00    2.0700000000E+00
    7.5092105025E+00    2.1000000000E+00
    7.6072911130E+00    2.1300000000E+00
    7.5346051939E+00    2.1600000000E+00
    7.5471544104E+00    2.1900000000E+00
    7.7123009822E+00    2.2200000000E+00
    7.6431938611E+00    2.2500000000E+00
    7.7488686819E+00    2.2800000000E+00
    7.5590679802E+00    2.3100000000E+00
    7.5028344844E+00    2.3400000000E+00
    7.5013293702E+00    2.3700000000E+00
    7.6510767784E+00    2.4000000000E+00
    7.6198798258E+00    2.4300000000E+00
    7.6154036107E+00    2.4600000000E+00
    7.6178572531E+00    2.4900000000E+00
    7.5059881003E+00    2.5200000000E+00
    7.5000506924E+00    2.5500000000E+00
    7.6102664994E+00    2.5800000000E+00
    7.5000299677E+00    2.6100000000E+00
    7.7025407557E+00    2.6400000000E+00
    7.6006746141E+00    2.6700000000E+00
    7.7392015067E+00    2.7000000000E+00
    8.3283633904E+00    2.7300000000E+00
    8.3203058656E+00    2.7600000000E+00
    7.7692242146E+00    2.7900000000E+00
    8.0324906637E+00    2.8200000000E+00
    8.0746105837E+00    2.8500000000E+00
    7.9093388745E+00    2.8800000000E+00
    7.5320865892E+00    2.9100000000E+00
    8.5000000000E+00    2.9400000000E+00
    7.7150737048E+00    2.9700000000E+00
    7.6010566542E+00    3.0000000000E+00
    7.5014770505E+00    3.0300000000E+00
    7.5000235101E+00    3.0600000000E+00
    7.6417470554E+00    3.0900000000E+00
    7.6586879254E+00    3.1200000000E+00
    7.6009759008E+00    3.1500000000E+00
    7.5607545799E+00    3.1800000000E+00
    7.6258188668E+00    3.2100000000E+00
    7.5151416580E+00    3.2400000000E+00
    7.6194109323E+00    3.2700000000E+00
    7.6373470165E+00    3.3000000000E+00
    7.7037800735E+00    3.3300000000E+00
    7.8013731388E+00    3.3600000000E+00
    7.8952784574E+00    3.3900000000E+00
    8.2244989480E+00    3.4200000000E+00
    8.0474083514E+00    3.4500000000E+00
    7.9263814347E+00    3.4800000000E+00
    7.8266424086E+00    3.5100000000E+00
    8.0199381191E+00    3.5400000000E+00
    7.5599429745E+00    3.5700000000E+00
    8.0749134799E+00    3.6000000000E+00
    8.1855844125E+00    3.6300000000E+00
    7.9365880380E+00    3.6600000000E+00
    7.5926756541E+00    3.6900000000E+00
    7.6342784420E+00    3.7200000000E+00
    7.5462490599E+00    3.7500000000E+00
    7.6039791339E+00    3.7800000000E+00
    7.7196730503E+00    3.8100000000E+00
    7.8259955984E+00    3.8400000000E+00
    7.7531073063E+00    3.8700000000E+00
    7.7203851158E+00    3.9000000000E+00
    7.6326670248E+00    3.9300000000E+00
    7.7771553932E+00    3.9600000000E+00
    7.7429587504E+00    3.9900000000E+00
    7.7509138397E+00    4.0200000000E+00
    7.5133786623E+00    4.0500000000E+00
    7.6686685564E+00    4.0800000000E+00
    7.5036619168E+00    4.1100000000E+00
    7.6603534959E+00    4.1400000000E+00
    7.5442002776E+00    4.1700000000E+00
    7.6594187748E+00    4.2000000000E+00
    7.7322251499E+00    4.2600000000E+00
    7.8541177262E+00    4.2900000000E+00
    7.9766457993E+00    4.3200000000E+00
    8.0339100876E+00    4.3500000000E+00
    7.6886603422E+00    4.3800000000E+00
    7.8950691813E+00    4.4100000000E+00
    7.7840468253E+00    4.4400000000E+00
    7.5502209555E+00    4.4700000000E+00
    7.5377537072E+00    4.5000000000E+00
    7.6189468835E+00    4.5300000000E+00
    7.6634690502E+00    4.5600000000E+00
    7.6002726099E+00    4.5900000000E+00
    7.6091972327E+00    4.6200000000E+00
    7.5134619979E+00    4.6500000000E+00
    7.6411207970E+00    4.6800000000E+00
    7.5355156424E+00    4.7100000000E+00
    7.5178188913E+00    4.7700000000E+00
    7.5178940288E+00    4.8300000000E+00
    7.5179901783E+00    4.8900000000E+00
    7.5180974467E+00    4.9200000000E+00
    7.5181960418E+00    4.9500000000E+00
    7.5365694015E+00    4.9800000000E+00
    7.5183109812E+00    5.0100000000E+00
    7.5437587957E+00    5.1900000000E+00
    7.5476524039E+00    5.2200000000E+00
    7.5260140824E+00    5.2500000000E+00
    7.5556899361E+00    5.2800000000E+00
    7.5881853888E+00    5.3100000000E+00
    7.6235415154E+00    5.3700000000E+00
    7.6032500076E+00    5.4000000000E+00
    7.5990636853E+00    5.4300000000E+00
    7.5740395775E+00    5.4600000000E+00
    7.6558836884E+00    5.4900000000E+00
    7.5849667052E+00    5.5200000000E+00
