     #     T [K]    \rho(delta_nk) [meV]
    7.0000055863E+00    1.4400000000E+00
    7.0000427113E+00    1.4700000000E+00
    7.0000311255E+00    1.5000000000E+00
    7.0000033635E+00    1.5900000000E+00
    7.0008543652E+00    1.6200000000E+00
    7.0001613590E+00    1.6500000000E+00
    7.0026316211E+00    1.7100000000E+00
    7.0069599338E+00    1.7400000000E+00
    7.0013751000E+00    1.7700000000E+00
    7.0000022740E+00    1.8000000000E+00
    7.0029645844E+00    1.8300000000E+00
    7.0000031021E+00    1.8600000000E+00
    7.0656167941E+00    1.8900000000E+00
    7.0000442674E+00    1.9200000000E+00
    7.0001531095E+00    1.9500000000E+00
    7.0006296564E+00    1.9800000000E+00
    7.1357691228E+00    2.0400000000E+00
    7.0021287149E+00    2.0700000000E+00
    7.0097855929E+00    2.1000000000E+00
    7.1139902140E+00    2.1300000000E+00
    7.0367658919E+00    2.1600000000E+00
    7.0500986632E+00    2.1900000000E+00
    7.2255580822E+00    2.2200000000E+00
    7.1493370519E+00    2.2500000000E+00
    7.2672039705E+00    2.2800000000E+00
    7.0620458153E+00    2.3100000000E+00
    7.0037221164E+00    2.3400000000E+00
    7.0014119702E+00    2.3700000000E+00
    7.1606806154E+00    2.4000000000E+00
    7.1271957194E+00    2.4300000000E+00
    7.0005895437E+00    2.4600000000E+00
    7.2460193441E+00    2.4900000000E+00
    7.0075768761E+00    2.5200000000E+00
    7.0000544220E+00    2.5500000000E+00
    7.1171508691E+00    2.5800000000E+00
    7.0000317845E+00    2.6100000000E+00
    7.2171191377E+00    2.6400000000E+00
    7.1050285587E+00    2.6700000000E+00
    7.2541477994E+00    2.7000000000E+00
    7.6685969741E+00    2.7300000000E+00
    7.9497784428E+00    2.7600000000E+00
    7.4192576341E+00    2.7900000000E+00
    7.4605937851E+00    2.8200000000E+00
    7.7156336560E+00    2.8500000000E+00
    7.3047207714E+00    2.8800000000E+00
    7.1642662541E+00    2.9100000000E+00
    8.0000000000E+00    2.9400000000E+00
    7.2859978298E+00    2.9700000000E+00
    7.0976431951E+00    3.0000000000E+00
    7.0162358747E+00    3.0300000000E+00
    7.0000249781E+00    3.0600000000E+00
    7.1506050135E+00    3.0900000000E+00
    7.1417577343E+00    3.1200000000E+00
    7.1341116454E+00    3.1500000000E+00
    7.0615299489E+00    3.1800000000E+00
    7.1367977455E+00    3.2100000000E+00
    7.0159844051E+00    3.2400000000E+00
    7.0021213908E+00    3.2700000000E+00
    7.2706619519E+00    3.3000000000E+00
    7.2165078070E+00    3.3300000000E+00
    7.2793446470E+00    3.3600000000E+00
    7.4630443056E+00    3.3900000000E+00
    7.6443754010E+00    3.4200000000E+00
    7.5514920016E+00    3.4500000000E+00
    7.5063449290E+00    3.4800000000E+00
    7.4469122584E+00    3.5100000000E+00
    7.4583224361E+00    3.5400000000E+00
    7.1145220860E+00    3.5700000000E+00
    7.6373309737E+00    3.6000000000E+00
    7.8337413596E+00    3.6300000000E+00
    7.3489540613E+00    3.6600000000E+00
    7.1632015992E+00    3.6900000000E+00
    7.1041906614E+00    3.7200000000E+00
    7.0486246012E+00    3.7500000000E+00
    7.1048923259E+00    3.7800000000E+00
    7.2868342893E+00    3.8100000000E+00
    7.3796967798E+00    3.8400000000E+00
    7.1881874806E+00    3.8700000000E+00
    7.2018013353E+00    3.9000000000E+00
    7.1733179341E+00    3.9300000000E+00
    7.1649550322E+00    3.9600000000E+00
    7.3876341597E+00    3.9900000000E+00
    7.2807926975E+00    4.0200000000E+00
    7.0000020105E+00    4.0500000000E+00
    7.1649911702E+00    4.0800000000E+00
    7.0180992642E+00    4.1100000000E+00
    7.0892555650E+00    4.1400000000E+00
    7.1241000189E+00    4.1700000000E+00
    7.0367760058E+00    4.2000000000E+00
    7.1365669782E+00    4.2300000000E+00
    7.2467249505E+00    4.2600000000E+00
    7.3733077768E+00    4.2900000000E+00
    7.1341314576E+00    4.3200000000E+00
    7.9424426143E+00    4.3500000000E+00
    7.2256203586E+00    4.3800000000E+00
    7.3945563874E+00    4.4100000000E+00
    7.2893700938E+00    4.4400000000E+00
    7.0657688811E+00    4.4700000000E+00
    7.0399832963E+00    4.5000000000E+00
    7.1170314237E+00    4.5300000000E+00
    7.2165421445E+00    4.5600000000E+00
    7.1099572815E+00    4.5900000000E+00
    7.0780777490E+00    4.6200000000E+00
    7.0575835706E+00    4.6500000000E+00
    7.0981212005E+00    4.6800000000E+00
    7.0473806438E+00    4.7100000000E+00
    7.0189314769E+00    4.7700000000E+00
    7.0190113059E+00    4.8300000000E+00
    7.0191134589E+00    4.8900000000E+00
    7.0192274249E+00    4.9500000000E+00
    7.0387397545E+00    4.9800000000E+00
    7.0388994556E+00    5.0100000000E+00
    7.0464910313E+00    5.1900000000E+00
    7.0245617537E+00    5.2200000000E+00
    7.0537043608E+00    5.2500000000E+00
    7.0290355474E+00    5.2800000000E+00
    7.1238231435E+00    5.3100000000E+00
    7.2072433800E+00    5.4000000000E+00
    7.1035188834E+00    5.4300000000E+00
    7.0761014459E+00    5.4600000000E+00
    7.1211210860E+00    5.4900000000E+00
    7.1727675812E+00    5.5200000000E+00
