     #     T [K]    \rho(delta_nk) [meV]
    8.0000402441E+00    1.4400000000E+00
    8.0000260524E+00    1.4700000000E+00
    8.0000028076E+00    1.5900000000E+00
    8.0007131605E+00    1.6200000000E+00
    8.0001347123E+00    1.6500000000E+00
    8.0021945271E+00    1.6800000000E+00
    8.0000021545E+00    1.7100000000E+00
    8.0058096667E+00    1.7400000000E+00
    8.0011477996E+00    1.7700000000E+00
    8.0000018982E+00    1.8000000000E+00
    8.0024746145E+00    1.8300000000E+00
    8.0547490545E+00    1.8600000000E+00
    8.0000625054E+00    1.8900000000E+00
    8.0001276977E+00    1.9200000000E+00
    8.0005250086E+00    1.9500000000E+00
    8.0002890365E+00    2.0100000000E+00
    8.1133570322E+00    2.0400000000E+00
    8.0014608424E+00    2.0700000000E+00
    8.0081683789E+00    2.1000000000E+00
    8.0951505735E+00    2.1300000000E+00
    8.0328773830E+00    2.1600000000E+00
    8.0467134203E+00    2.1900000000E+00
    8.1834445773E+00    2.2200000000E+00
    8.1247412795E+00    2.2500000000E+00
    8.2694188810E+00    2.2800000000E+00
    8.0036730608E+00    2.3100000000E+00
    8.0025145404E+00    2.3400000000E+00
    8.0819755413E+00    2.3700000000E+00
    8.0533268068E+00    2.4000000000E+00
    8.1061735262E+00    2.4300000000E+00
    8.1023441413E+00    2.4600000000E+00
    8.1045289370E+00    2.4900000000E+00
    8.0053131363E+00    2.5200000000E+00
    8.0713358774E+00    2.5500000000E+00
    8.0265084104E+00    2.5800000000E+00
    8.0065405660E+00    2.6100000000E+00
    8.1747081859E+00    2.6400000000E+00
    8.1874594530E+00    2.6700000000E+00
    8.4552988528E+00    2.7000000000E+00
    9.0000000000E+00    2.7300000000E+00
    8.2059623389E+00    2.7600000000E+00
    8.2355391898E+00    2.7900000000E+00
    8.8198563904E+00    2.8200000000E+00
    8.2897620084E+00    2.8500000000E+00
    8.1708934680E+00    2.8800000000E+00
    8.6051485826E+00    2.9100000000E+00
    8.4349805298E+00    2.9400000000E+00
    8.1215502416E+00    2.9700000000E+00
    8.0149949492E+00    3.0000000000E+00
    8.0010595086E+00    3.0300000000E+00
    8.0925020917E+00    3.0600000000E+00
    8.1439925503E+00    3.0900000000E+00
    8.1191422582E+00    3.1200000000E+00
    8.0006348019E+00    3.1500000000E+00
    8.1642013693E+00    3.1800000000E+00
    8.0137650158E+00    3.2100000000E+00
    8.0008159546E+00    3.2400000000E+00
    8.1986513918E+00    3.2700000000E+00
    8.0308479338E+00    3.3000000000E+00
    8.1948985512E+00    3.3300000000E+00
    8.3523247059E+00    3.3600000000E+00
    8.4120009779E+00    3.3900000000E+00
    8.5552947697E+00    3.4200000000E+00
    8.5359123537E+00    3.4500000000E+00
    8.3954819144E+00    3.4800000000E+00
    8.3524440583E+00    3.5100000000E+00
    8.2721836411E+00    3.5400000000E+00
    8.5026163195E+00    3.5700000000E+00
    8.5577442647E+00    3.6000000000E+00
    8.4507422599E+00    3.6300000000E+00
    8.1423112184E+00    3.6600000000E+00
    8.0850413669E+00    3.6900000000E+00
    8.0445467393E+00    3.7200000000E+00
    8.0486906221E+00    3.7500000000E+00
    8.3413155730E+00    3.7800000000E+00
    8.2743200127E+00    3.8100000000E+00
    8.1365553219E+00    3.8400000000E+00
    8.0559214863E+00    3.8700000000E+00
    8.2579707313E+00    3.9000000000E+00
    8.1452893338E+00    3.9300000000E+00
    8.1212625560E+00    3.9600000000E+00
    8.3170934369E+00    3.9900000000E+00
    8.1113689032E+00    4.0200000000E+00
    8.0584324505E+00    4.0500000000E+00
    8.1029847993E+00    4.0800000000E+00
    8.0646479833E+00    4.1100000000E+00
    8.0989770642E+00    4.1400000000E+00
    8.0333186458E+00    4.1700000000E+00
    8.1364820474E+00    4.2000000000E+00
    8.0032393558E+00    4.2300000000E+00
    8.2032847540E+00    4.2600000000E+00
    8.3145517210E+00    4.2900000000E+00
    8.5522364309E+00    4.3200000000E+00
    8.4984728973E+00    4.3500000000E+00
    8.2337033319E+00    4.3800000000E+00
    8.1721098672E+00    4.4100000000E+00
    8.2306178243E+00    4.4400000000E+00
    8.0617242010E+00    4.4700000000E+00
    8.0789946269E+00    4.5000000000E+00
    8.1482563482E+00    4.5300000000E+00
    8.1481165822E+00    4.5600000000E+00
    8.0340064907E+00    4.5900000000E+00
    8.0850760399E+00    4.6200000000E+00
    8.0454523991E+00    4.6500000000E+00
    8.0237927486E+00    4.6800000000E+00
    8.0157570888E+00    4.7100000000E+00
    8.0158025889E+00    4.7700000000E+00
    8.0158692242E+00    4.8300000000E+00
    8.0159544939E+00    4.8900000000E+00
    8.0160496242E+00    4.9200000000E+00
    8.0161370629E+00    4.9500000000E+00
    8.0486703752E+00    4.9800000000E+00
    8.0593095802E+00    5.1900000000E+00
    8.0217579556E+00    5.2200000000E+00
    8.0473071659E+00    5.2500000000E+00
    8.1033583507E+00    5.2800000000E+00
    8.1729913596E+00    5.3700000000E+00
    8.0551912062E+00    5.4000000000E+00
    8.0608003913E+00    5.4300000000E+00
    8.0989667267E+00    5.4600000000E+00
    8.1802917682E+00    5.4900000000E+00
