     #     T [K]    \rho(delta_nk) [meV]
    1.1500070463E+01    1.4100000000E+00
    1.1500002987E+01    1.5300000000E+00
    1.1500759042E+01    1.5600000000E+00
    1.1500143082E+01    1.5900000000E+00
    1.1502334946E+01    1.6200000000E+00
    1.1506183661E+01    1.6500000000E+00
    1.1501221276E+01    1.6800000000E+00
    1.1502634974E+01    1.7400000000E+00
    1.1500002755E+01    1.7700000000E+00
    1.1558249458E+01    1.8000000000E+00
    1.1500066505E+01    1.8300000000E+00
    1.1500135982E+01    1.8600000000E+00
    1.1500558488E+01    1.8900000000E+00
    1.1619533110E+01    1.9500000000E+00
    1.1501384687E+01    1.9800000000E+00
    1.1501554315E+01    2.0100000000E+00
    1.1609929714E+01    2.0400000000E+00
    1.1502328393E+01    2.0700000000E+00
    1.1532652923E+01    2.1000000000E+00
    1.1667255875E+01    2.1300000000E+00
    1.1602591161E+01    2.1600000000E+00
    1.1607760663E+01    2.1900000000E+00
    1.1789935135E+01    2.2200000000E+00
    1.1503305715E+01    2.2500000000E+00
    1.1586980191E+01    2.2800000000E+00
    1.1556981479E+01    2.3100000000E+00
    1.1722398206E+01    2.3700000000E+00
    1.1610584501E+01    2.4000000000E+00
    1.1505734616E+01    2.4300000000E+00
    1.1604092234E+01    2.4600000000E+00
    1.1500030200E+01    2.4900000000E+00
    1.1685515172E+01    2.5200000000E+00
    1.1614753848E+01    2.5500000000E+00
    1.1731506352E+01    2.5800000000E+00
    1.2430041506E+01    2.6100000000E+00
    1.2117038911E+01    2.6400000000E+00
    1.1831607055E+01    2.6700000000E+00
    1.2306699872E+01    2.7000000000E+00
    1.1786386723E+01    2.7300000000E+00
    1.1768442556E+01    2.7600000000E+00
    1.2245453213E+01    2.7900000000E+00
    1.1905147649E+01    2.8200000000E+00
    1.1582027054E+01    2.8500000000E+00
    1.1520054414E+01    2.8800000000E+00
    1.1501326870E+01    2.9100000000E+00
    1.1598419770E+01    2.9400000000E+00
    1.1618156686E+01    2.9700000000E+00
    1.1628758091E+01    3.0000000000E+00
    1.1533696529E+01    3.0300000000E+00
    1.1617742518E+01    3.0600000000E+00
    1.1571648227E+01    3.0900000000E+00
    1.1510110701E+01    3.1200000000E+00
    1.1527948079E+01    3.1500000000E+00
    1.1706993280E+01    3.1800000000E+00
    1.1578936627E+01    3.2100000000E+00
    1.1919920523E+01    3.2400000000E+00
    1.1782801585E+01    3.2700000000E+00
    1.2007587861E+01    3.3000000000E+00
    1.2003643112E+01    3.3300000000E+00
    1.2071961486E+01    3.3600000000E+00
    1.1898009397E+01    3.3900000000E+00
    1.2500000000E+01    3.4200000000E+00
    1.2046366745E+01    3.4500000000E+00
    1.1620768983E+01    3.4800000000E+00
    1.1998054513E+01    3.5100000000E+00
    1.1677218501E+01    3.5400000000E+00
    1.1513407931E+01    3.5700000000E+00
    1.1692250349E+01    3.6000000000E+00
    1.1867922765E+01    3.6300000000E+00
    1.1589876170E+01    3.6600000000E+00
    1.1681246776E+01    3.6900000000E+00
    1.1626755431E+01    3.7200000000E+00
    1.1617869917E+01    3.7500000000E+00
    1.1685384906E+01    3.7800000000E+00
    1.1628088329E+01    3.8100000000E+00
    1.1722427590E+01    3.8400000000E+00
    1.1859190101E+01    3.8700000000E+00
    1.1512627297E+01    3.9000000000E+00
    1.1690895218E+01    3.9300000000E+00
    1.1631691535E+01    3.9600000000E+00
    1.1536673275E+01    3.9900000000E+00
    1.1500069945E+01    4.0200000000E+00
    1.1548778407E+01    4.0500000000E+00
    1.1630847254E+01    4.0800000000E+00
    1.1694658512E+01    4.1100000000E+00
    1.2167906493E+01    4.1400000000E+00
    1.2054157776E+01    4.1700000000E+00
    1.1730771534E+01    4.2000000000E+00
    1.1698292967E+01    4.2300000000E+00
    1.1989458551E+01    4.2600000000E+00
    1.1541257760E+01    4.2900000000E+00
    1.1644540014E+01    4.3200000000E+00
    1.1609933823E+01    4.3500000000E+00
    1.1657728758E+01    4.3800000000E+00
    1.1575055014E+01    4.4100000000E+00
    1.1583203580E+01    4.4400000000E+00
    1.1508984123E+01    4.4700000000E+00
    1.1517174752E+01    4.5000000000E+00
    1.1533512208E+01    4.5300000000E+00
    1.1516813729E+01    4.5900000000E+00
    1.1516884628E+01    4.6500000000E+00
    1.1516975354E+01    4.7100000000E+00
    1.1517076571E+01    4.7400000000E+00
    1.1517169605E+01    4.7700000000E+00
    1.1534506525E+01    4.8000000000E+00
    1.1517278060E+01    4.8300000000E+00
    1.1541290366E+01    4.9800000000E+00
    1.1521814182E+01    5.0100000000E+00
    1.1523150155E+01    5.0400000000E+00
    1.1550334150E+01    5.0700000000E+00
    1.1609971811E+01    5.1000000000E+00
    1.1568532659E+01    5.1600000000E+00
    1.1645465575E+01    5.1900000000E+00
    1.1562000970E+01    5.2200000000E+00
    1.1601337554E+01    5.2500000000E+00
    1.1647090304E+01    5.2800000000E+00
    1.1580173741E+01    5.3100000000E+00
