     #     T [K]    \rho(delta_nk) [meV]
    2.4000008465E+01    2.1000000000E-01
    2.4003259616E+01    2.4000000000E-01
    2.4019513380E+01    2.7000000000E-01
    2.4078357695E+01    3.0000000000E-01
    2.4097106218E+01    3.3000000000E-01
    2.4531901116E+01    3.6000000000E-01
    2.5000000000E+01    3.9000000000E-01
    2.4134655033E+01    4.2000000000E-01
    2.4417633963E+01    4.5000000000E-01
    2.4247673769E+01    4.8000000000E-01
    2.4086557286E+01    5.1000000000E-01
    2.4164547890E+01    5.4000000000E-01
    2.4203182583E+01    5.7000000000E-01
    2.4053082097E+01    6.0000000000E-01
    2.4025464339E+01    6.3000000000E-01
    2.4028824951E+01    6.6000000000E-01
    2.4013519971E+01    6.9000000000E-01
    2.4027668187E+01    7.2000000000E-01
    2.4422865016E+01    7.5000000000E-01
    2.4611180100E+01    7.8000000000E-01
    2.4167326648E+01    8.1000000000E-01
    2.4106430848E+01    8.4000000000E-01
    2.4341568490E+01    8.7000000000E-01
    2.4216558022E+01    9.0000000000E-01
    2.4384460456E+01    9.3000000000E-01
    2.4132779553E+01    9.6000000000E-01
    2.4006114665E+01    9.9000000000E-01
    2.4025839724E+01    1.0200000000E+00
    2.4015705109E+01    1.0500000000E+00
    2.4015836510E+01    1.0800000000E+00
    2.4026412150E+01    1.1100000000E+00
    2.4115619967E+01    1.1400000000E+00
    2.4118602999E+01    1.1700000000E+00
