     #     T [K]    \rho(delta_nk) [meV]
    1.0500071598E+01    1.4400000000E+00
    1.0500003032E+01    1.5600000000E+00
    1.0500770441E+01    1.5900000000E+00
    1.0500145231E+01    1.6200000000E+00
    1.0502372337E+01    1.6500000000E+00
    1.0506274198E+01    1.6800000000E+00
    1.0501239617E+01    1.7100000000E+00
    1.0500002050E+01    1.7700000000E+00
    1.0502675292E+01    1.8000000000E+00
    1.0559124222E+01    1.8300000000E+00
    1.0500067504E+01    1.8600000000E+00
    1.0500138024E+01    1.8900000000E+00
    1.0500566875E+01    1.9200000000E+00
    1.0621328203E+01    1.9800000000E+00
    1.0501405481E+01    2.0100000000E+00
    1.0501577657E+01    2.0400000000E+00
    1.0611580588E+01    2.0700000000E+00
    1.0516803571E+01    2.1000000000E+00
    1.0518703078E+01    2.1300000000E+00
    1.0667339228E+01    2.1600000000E+00
    1.0606560247E+01    2.1900000000E+00
    1.0727638445E+01    2.2200000000E+00
    1.0676029734E+01    2.2500000000E+00
    1.0503355390E+01    2.2800000000E+00
    1.0501028132E+01    2.3100000000E+00
    1.0645094084E+01    2.3400000000E+00
    1.0500001404E+01    2.3700000000E+00
    1.0615194053E+01    2.4000000000E+00
    1.0721635373E+01    2.4300000000E+00
    1.0506974598E+01    2.4600000000E+00
    1.0566540111E+01    2.4900000000E+00
    1.0539136217E+01    2.5200000000E+00
    1.0505918827E+01    2.5500000000E+00
    1.0689827026E+01    2.5800000000E+00
    1.0820616955E+01    2.6100000000E+00
    1.0871291170E+01    2.6400000000E+00
    1.1500000000E+01    2.6700000000E+00
    1.0968743580E+01    2.7000000000E+00
    1.0709070141E+01    2.7300000000E+00
    1.1266618676E+01    2.7600000000E+00
    1.0973942305E+01    2.7900000000E+00
    1.0532584956E+01    2.8200000000E+00
    1.1387701295E+01    2.8500000000E+00
    1.0770212933E+01    2.8800000000E+00
    1.0600937614E+01    2.9100000000E+00
    1.0502879432E+01    2.9400000000E+00
    1.0501144231E+01    2.9700000000E+00
    1.0599898947E+01    3.0000000000E+00
    1.0655506798E+01    3.0300000000E+00
    1.0628670812E+01    3.0600000000E+00
    1.0500953361E+01    3.0900000000E+00
    1.0677087963E+01    3.1200000000E+00
    1.0514840239E+01    3.1500000000E+00
    1.0510262539E+01    3.1800000000E+00
    1.0734121862E+01    3.2100000000E+00
    1.0505495352E+01    3.2400000000E+00
    1.0713215277E+01    3.2700000000E+00
    1.0936096372E+01    3.3000000000E+00
    1.0900533671E+01    3.3300000000E+00
    1.1084929336E+01    3.3600000000E+00
    1.1078471672E+01    3.3900000000E+00
    1.0930678033E+01    3.4200000000E+00
    1.0958991987E+01    3.4500000000E+00
    1.1106070923E+01    3.4800000000E+00
    1.1190756091E+01    3.5100000000E+00
    1.0610709762E+01    3.5400000000E+00
    1.0991690710E+01    3.5700000000E+00
    1.0630721366E+01    3.6000000000E+00
    1.0562707991E+01    3.6300000000E+00
    1.0596946625E+01    3.6600000000E+00
    1.0715231476E+01    3.6900000000E+00
    1.0906985041E+01    3.7200000000E+00
    1.0581418261E+01    3.7500000000E+00
    1.0669629399E+01    3.7800000000E+00
    1.0595098128E+01    3.8100000000E+00
    1.0709814955E+01    3.8400000000E+00
    1.0633961598E+01    3.8700000000E+00
    1.0736942620E+01    3.9000000000E+00
    1.0853410391E+01    3.9300000000E+00
    1.0512816928E+01    3.9600000000E+00
    1.0661507617E+01    3.9900000000E+00
    1.0603590289E+01    4.0200000000E+00
    1.0579400213E+01    4.0500000000E+00
    1.0520228109E+01    4.0800000000E+00
    1.0549510939E+01    4.1100000000E+00
    1.0611430023E+01    4.1400000000E+00
    1.0718966931E+01    4.1700000000E+00
    1.1066505479E+01    4.2000000000E+00
    1.1105458582E+01    4.2300000000E+00
    1.0802468983E+01    4.2600000000E+00
    1.0795329751E+01    4.2900000000E+00
    1.0877656077E+01    4.3200000000E+00
    1.0539648703E+01    4.3500000000E+00
    1.0541463227E+01    4.3800000000E+00
    1.0655217471E+01    4.4100000000E+00
    1.0649499833E+01    4.4400000000E+00
    1.0600850198E+01    4.4700000000E+00
    1.0578970424E+01    4.5000000000E+00
    1.0589686565E+01    4.5300000000E+00
    1.0508735745E+01    4.5600000000E+00
    1.0542712408E+01    4.5900000000E+00
    1.0517066230E+01    4.6500000000E+00
    1.0517138194E+01    4.7100000000E+00
    1.0517230282E+01    4.7700000000E+00
    1.0534760469E+01    4.8300000000E+00
    1.0535024728E+01    4.8600000000E+00
    1.0517537534E+01    4.8900000000E+00
    1.0541910446E+01    5.0700000000E+00
    1.0545639590E+01    5.1000000000E+00
    1.0524915260E+01    5.1300000000E+00
    1.0581705952E+01    5.1600000000E+00
    1.0556092151E+01    5.1900000000E+00
    1.0686824474E+01    5.2500000000E+00
    1.0559604526E+01    5.2800000000E+00
    1.0565662245E+01    5.3100000000E+00
    1.0645843729E+01    5.3400000000E+00
    1.0615309436E+01    5.3700000000E+00
    1.0540436009E+01    5.4000000000E+00
