     #     T [K]    \rho(delta_nk) [meV]
    1.4000024826E+01    1.3200000000E+00
    1.4000038523E+01    1.3500000000E+00
    1.4000002683E+01    1.4100000000E+00
    1.4000681679E+01    1.4400000000E+00
    1.4000128499E+01    1.4700000000E+00
    1.4002099022E+01    1.5000000000E+00
    1.4005551383E+01    1.5300000000E+00
    1.4001096771E+01    1.5600000000E+00
    1.4000001814E+01    1.5900000000E+00
    1.4002364599E+01    1.6200000000E+00
    1.4000002474E+01    1.6500000000E+00
    1.4052347874E+01    1.6800000000E+00
    1.4000122123E+01    1.7100000000E+00
    1.4000526642E+01    1.7400000000E+00
    1.4001889145E+01    1.7700000000E+00
    1.4105460930E+01    1.8000000000E+00
    1.4092163879E+01    1.8900000000E+00
    1.4003491424E+01    1.9200000000E+00
    1.4016721654E+01    1.9500000000E+00
    1.4125837415E+01    1.9800000000E+00
    1.4032148146E+01    2.0100000000E+00
    1.4084534594E+01    2.0400000000E+00
    1.4071947287E+01    2.0700000000E+00
    1.4173019205E+01    2.1000000000E+00
    1.4262054152E+01    2.1300000000E+00
    1.4002871968E+01    2.1600000000E+00
    1.4001239953E+01    2.1900000000E+00
    1.4098785928E+01    2.2200000000E+00
    1.4013171239E+01    2.2500000000E+00
    1.4181746058E+01    2.2800000000E+00
    1.4105197262E+01    2.3100000000E+00
    1.4178196792E+01    2.3400000000E+00
    1.4275734192E+01    2.3700000000E+00
    1.4328263969E+01    2.4000000000E+00
    1.5000000000E+01    2.4300000000E+00
    1.4287089845E+01    2.4600000000E+00
    1.4638090316E+01    2.4900000000E+00
    1.4406850298E+01    2.5200000000E+00
    1.4203367404E+01    2.5500000000E+00
    1.4674882621E+01    2.5800000000E+00
    1.4365714788E+01    2.6100000000E+00
    1.4143213179E+01    2.6400000000E+00
    1.4002172915E+01    2.6700000000E+00
    1.4086579149E+01    2.7000000000E+00
    1.4122758851E+01    2.7300000000E+00
    1.4076649175E+01    2.7600000000E+00
    1.4002844920E+01    2.7900000000E+00
    1.4115624399E+01    2.8200000000E+00
    1.4040308970E+01    2.8500000000E+00
    1.4032872153E+01    2.8800000000E+00
    1.4030859550E+01    2.9100000000E+00
    1.4064940544E+01    2.9400000000E+00
    1.4004569401E+01    2.9700000000E+00
    1.4061545099E+01    3.0000000000E+00
    1.4184063241E+01    3.0300000000E+00
    1.4012021139E+01    3.0600000000E+00
    1.4863163052E+01    3.0900000000E+00
    1.4640251168E+01    3.1200000000E+00
    1.4580116569E+01    3.1500000000E+00
    1.4487146831E+01    3.1800000000E+00
    1.4702896541E+01    3.2100000000E+00
    1.4382211497E+01    3.2400000000E+00
    1.4634929606E+01    3.2700000000E+00
    1.4263289444E+01    3.3000000000E+00
    1.4133056510E+01    3.3300000000E+00
    1.4416683837E+01    3.3600000000E+00
    1.4034259851E+01    3.3900000000E+00
    1.4024891216E+01    3.4200000000E+00
    1.4004783543E+01    3.4500000000E+00
    1.4052685605E+01    3.4800000000E+00
    1.4074993798E+01    3.5100000000E+00
    1.4125404265E+01    3.5400000000E+00
    1.4039811666E+01    3.5700000000E+00
    1.4263050625E+01    3.6000000000E+00
    1.4132604586E+01    3.6300000000E+00
    1.4206756188E+01    3.6600000000E+00
    1.4322580782E+01    3.6900000000E+00
    1.4063413275E+01    3.7200000000E+00
    1.4191534966E+01    3.7500000000E+00
    1.4090476021E+01    3.7800000000E+00
    1.4009602240E+01    3.8100000000E+00
    1.4083996622E+01    3.8400000000E+00
    1.4117892576E+01    3.8700000000E+00
    1.4221585238E+01    3.9000000000E+00
    1.4771791120E+01    3.9300000000E+00
    1.4593396355E+01    3.9600000000E+00
    1.4132669473E+01    3.9900000000E+00
    1.4188712168E+01    4.0200000000E+00
    1.4452157408E+01    4.0500000000E+00
    1.4012685152E+01    4.0800000000E+00
    1.4021326037E+01    4.1100000000E+00
    1.4067745299E+01    4.1400000000E+00
    1.4001825448E+01    4.1700000000E+00
    1.4004365310E+01    4.2000000000E+00
    1.4008801848E+01    4.2300000000E+00
    1.4030464286E+01    4.2900000000E+00
    1.4015056566E+01    4.3200000000E+00
    1.4015100043E+01    4.3500000000E+00
    1.4015163716E+01    4.4100000000E+00
    1.4015245195E+01    4.4700000000E+00
    1.4015336096E+01    4.5000000000E+00
    1.4015419647E+01    4.5300000000E+00
    1.4030989556E+01    4.5600000000E+00
    1.4015517049E+01    4.5900000000E+00
    1.4037081976E+01    4.7400000000E+00
    1.4019590840E+01    4.7700000000E+00
    1.4042835440E+01    4.8000000000E+00
    1.4023159208E+01    4.8300000000E+00
    1.4098763281E+01    4.8600000000E+00
    1.4165300570E+01    4.9200000000E+00
    1.4082568285E+01    4.9500000000E+00
    1.4060699707E+01    4.9800000000E+00
    1.4096608078E+01    5.0100000000E+00
    1.4137802132E+01    5.0400000000E+00
