     #     T [K]    \rho(delta_nk) [meV]
    2.5000424169E+00    1.4700000000E+00
    2.5000273356E+00    1.5000000000E+00
    2.5000029540E+00    1.5900000000E+00
    2.5007503368E+00    1.6200000000E+00
    2.5001414877E+00    1.6800000000E+00
    2.5023111922E+00    1.7100000000E+00
    2.5061301335E+00    1.7700000000E+00
    2.5011900178E+00    1.8000000000E+00
    2.5000019971E+00    1.8300000000E+00
    2.5026036134E+00    1.8600000000E+00
    2.5576299485E+00    1.8900000000E+00
    2.5000388774E+00    1.9200000000E+00
    2.5001343545E+00    1.9500000000E+00
    2.5005523767E+00    1.9800000000E+00
    2.6174617348E+00    2.0400000000E+00
    2.5036455169E+00    2.0700000000E+00
    2.5085940888E+00    2.1000000000E+00
    2.6164808756E+00    2.1600000000E+00
    2.5599173805E+00    2.1900000000E+00
    2.5074521300E+00    2.2200000000E+00
    2.7131040157E+00    2.2500000000E+00
    2.8433603662E+00    2.2800000000E+00
    2.5512503169E+00    2.3100000000E+00
    2.5065089405E+00    2.3400000000E+00
    2.5000010807E+00    2.3700000000E+00
    2.5862579205E+00    2.4000000000E+00
    2.5560977219E+00    2.4300000000E+00
    2.6117085136E+00    2.4600000000E+00
    2.6076785665E+00    2.4900000000E+00
    2.6099696457E+00    2.5200000000E+00
    2.5056346266E+00    2.5500000000E+00
    2.5141239567E+00    2.5800000000E+00
    2.5887813804E+00    2.6100000000E+00
    2.5113041736E+00    2.6400000000E+00
    2.6793878752E+00    2.6700000000E+00
    2.6063902742E+00    2.7000000000E+00
    2.8458908594E+00    2.7300000000E+00
    3.4572745799E+00    2.7600000000E+00
    3.0355313087E+00    2.7900000000E+00
    2.7298713567E+00    2.8200000000E+00
    3.1697349606E+00    2.8500000000E+00
    2.7936292530E+00    2.8800000000E+00
    2.8837384694E+00    2.9100000000E+00
    2.5280397648E+00    2.9400000000E+00
    3.5000000000E+00    2.9700000000E+00
    2.6379966448E+00    3.0000000000E+00
    2.5909232773E+00    3.0300000000E+00
    2.5002233678E+00    3.0600000000E+00
    2.5343267412E+00    3.0900000000E+00
    2.6062963441E+00    3.1200000000E+00
    2.6401426537E+00    3.1500000000E+00
    2.5941438582E+00    3.1800000000E+00
    2.5563925151E+00    3.2100000000E+00
    2.6174010885E+00    3.2400000000E+00
    2.5141365091E+00    3.2700000000E+00
    2.7023131449E+00    3.3000000000E+00
    2.5372502748E+00    3.3300000000E+00
    2.8229962523E+00    3.3600000000E+00
    2.7528565894E+00    3.3900000000E+00
    3.1287436478E+00    3.4200000000E+00
    2.8624573323E+00    3.4500000000E+00
    3.0773694021E+00    3.4800000000E+00
    2.9441210997E+00    3.5100000000E+00
    2.9125049923E+00    3.5400000000E+00
    2.7219402912E+00    3.5700000000E+00
    2.5379788881E+00    3.6000000000E+00
    3.0475804913E+00    3.6300000000E+00
    3.0263135547E+00    3.6600000000E+00
    3.0193008965E+00    3.6900000000E+00
    2.5868608520E+00    3.7200000000E+00
    2.5893336007E+00    3.7500000000E+00
    2.5788137217E+00    3.7800000000E+00
    2.6655380505E+00    3.8100000000E+00
    2.6380450803E+00    3.8400000000E+00
    2.8134731220E+00    3.8700000000E+00
    2.7001209264E+00    3.9000000000E+00
    2.7846412866E+00    3.9300000000E+00
    2.5920352384E+00    3.9600000000E+00
    2.7310054112E+00    3.9900000000E+00
    2.8473303596E+00    4.0200000000E+00
    2.6189104418E+00    4.0500000000E+00
    2.5124818252E+00    4.0800000000E+00
    2.6448949461E+00    4.1100000000E+00
    2.5159036730E+00    4.1400000000E+00
    2.5888952024E+00    4.1700000000E+00
    2.6019685404E+00    4.2000000000E+00
    2.6334027896E+00    4.2300000000E+00
    2.5153472104E+00    4.2600000000E+00
    2.7166862783E+00    4.2900000000E+00
    2.8304155474E+00    4.3200000000E+00
    2.6152381615E+00    4.3500000000E+00
    3.3058977040E+00    4.3800000000E+00
    2.7894085254E+00    4.4100000000E+00
    2.7770433231E+00    4.4400000000E+00
    2.7443900308E+00    4.4700000000E+00
    2.5675068484E+00    4.5000000000E+00
    2.5351148880E+00    4.5300000000E+00
    2.5589839194E+00    4.5600000000E+00
    2.6480357894E+00    4.5900000000E+00
    2.6178914972E+00    4.6200000000E+00
    2.5980688091E+00    4.6500000000E+00
    2.5484872513E+00    4.6800000000E+00
    2.5844015869E+00    4.7100000000E+00
    2.5805856534E+00    4.7400000000E+00
    2.5166263604E+00    4.8000000000E+00
    2.5166964693E+00    4.8600000000E+00
    2.5167861840E+00    4.9200000000E+00
    2.5338645435E+00    4.9800000000E+00
    2.5170444911E+00    5.0100000000E+00
    2.5341630169E+00    5.0400000000E+00
    2.5205962710E+00    5.2200000000E+00
    2.5418050520E+00    5.2500000000E+00
    2.5471652613E+00    5.2800000000E+00
    2.5519628820E+00    5.3100000000E+00
    2.5822835737E+00    5.3400000000E+00
    2.6820092077E+00    5.4300000000E+00
    2.5909143151E+00    5.4600000000E+00
    2.5311237960E+00    5.4900000000E+00
    2.6420847126E+00    5.5200000000E+00
    2.6517312185E+00    5.5500000000E+00
