     #     T [K]    \rho(delta_nk) [meV]
    2.0000020897E+01    8.4000000000E-01
    2.0000575872E+01    9.0000000000E-01
    2.0000108353E+01    9.3000000000E-01
    2.0000003751E+01    9.6000000000E-01
    2.0007391603E+01    9.9000000000E-01
    2.0001991926E+01    1.0200000000E+00
    2.0000002083E+01    1.0500000000E+00
    2.0044166569E+01    1.0800000000E+00
    2.0000422746E+01    1.1100000000E+00
    2.0001590186E+01    1.1400000000E+00
    2.0088771678E+01    1.1700000000E+00
    2.0000004000E+01    1.2000000000E+00
    2.0080035889E+01    1.2300000000E+00
    2.0007678430E+01    1.2600000000E+00
    2.0106505709E+01    1.2900000000E+00
    2.0039315801E+01    1.3200000000E+00
    2.0001134247E+01    1.3500000000E+00
    2.0111498104E+01    1.3800000000E+00
    2.0088249832E+01    1.4100000000E+00
    2.0027361641E+01    1.4400000000E+00
    2.0111625224E+01    1.4700000000E+00
    2.0284468071E+01    1.5000000000E+00
    2.0604014305E+01    1.5300000000E+00
    2.1000000000E+01    1.5600000000E+00
    2.0578661231E+01    1.5900000000E+00
    2.0582918168E+01    1.6200000000E+00
    2.0957355482E+01    1.6500000000E+00
    2.0142736345E+01    1.6800000000E+00
    2.0015621850E+01    1.7100000000E+00
    2.0098575701E+01    1.7400000000E+00
    2.0144137613E+01    1.7700000000E+00
    2.0114610838E+01    1.8000000000E+00
    2.0074133547E+01    1.8300000000E+00
    2.0003039197E+01    1.8600000000E+00
    2.0256110427E+01    1.8900000000E+00
    2.0312897533E+01    1.9200000000E+00
    2.0311131021E+01    1.9500000000E+00
    2.0145051321E+01    1.9800000000E+00
    2.0275065256E+01    2.0100000000E+00
    2.0216896459E+01    2.0400000000E+00
    2.0161540545E+01    2.0700000000E+00
    2.0069823704E+01    2.1000000000E+00
    2.0014462627E+01    2.1300000000E+00
    2.0006311919E+01    2.1600000000E+00
    2.0227157746E+01    2.1900000000E+00
    2.0312578009E+01    2.2200000000E+00
    2.0581001357E+01    2.2500000000E+00
    2.0813658480E+01    2.2800000000E+00
    2.0576664823E+01    2.3100000000E+00
    2.0169100398E+01    2.3400000000E+00
    2.0310442136E+01    2.3700000000E+00
    2.0220613110E+01    2.4000000000E+00
    2.0050274676E+01    2.4300000000E+00
    2.0152950518E+01    2.4600000000E+00
    2.0198472385E+01    2.4900000000E+00
    2.0153912698E+01    2.5200000000E+00
    2.0253583074E+01    2.5500000000E+00
    2.0177192040E+01    2.5800000000E+00
    2.0352339081E+01    2.6100000000E+00
    2.0168425342E+01    2.6400000000E+00
    2.0014344809E+01    2.6700000000E+00
    2.0008509410E+01    2.7000000000E+00
    2.0437615256E+01    2.7300000000E+00
    2.0566337181E+01    2.7600000000E+00
    2.0254822625E+01    2.7900000000E+00
    2.0260813547E+01    2.8200000000E+00
    2.0105667079E+01    2.8500000000E+00
    2.0143910655E+01    2.8800000000E+00
    2.0025594764E+01    2.9100000000E+00
    2.0000960229E+01    2.9400000000E+00
    2.0001496061E+01    2.9700000000E+00
    2.0013040062E+01    3.0000000000E+00
    2.0031810996E+01    3.0300000000E+00
    2.0012710447E+01    3.0600000000E+00
    2.0012764043E+01    3.0900000000E+00
    2.0012832628E+01    3.1500000000E+00
    2.0012909144E+01    3.1800000000E+00
    2.0052126362E+01    3.2100000000E+00
    2.0031213717E+01    3.3300000000E+00
    2.0033991078E+01    3.3600000000E+00
    2.0038050424E+01    3.3900000000E+00
    2.0083133896E+01    3.4200000000E+00
    2.0123523753E+01    3.4500000000E+00
    2.0108912998E+01    3.4800000000E+00
    2.0108620293E+01    3.5100000000E+00
    2.0115994812E+01    3.5400000000E+00
