     #     T [K]    \rho(delta_nk) [meV]
    2.4569010000E+01    3.0000000000E-02
    2.5500000000E+01    6.0000000000E-02
    2.4500004997E+01    2.1000000000E-01
    2.4500042349E+01    2.7000000000E-01
    2.4510328803E+01    3.0000000000E-01
    2.4562379181E+01    3.3000000000E-01
    2.4513830331E+01    3.6000000000E-01
    2.4520627318E+01    3.9000000000E-01
    2.4514692570E+01    4.2000000000E-01
    2.4779598101E+01    4.5000000000E-01
    2.4686498219E+01    4.8000000000E-01
    2.4632359918E+01    5.1000000000E-01
    2.4703922820E+01    5.4000000000E-01
    2.4605475409E+01    5.7000000000E-01
    2.4511964547E+01    6.0000000000E-01
    2.4511999824E+01    6.3000000000E-01
    2.4530635858E+01    6.6000000000E-01
    2.4563880298E+01    6.9000000000E-01
    2.4504640947E+01    7.2000000000E-01
