     #     T [K]    \rho(delta_nk) [meV]
    1.9500022948E+01    9.0000000000E-01
    1.9500632595E+01    9.9000000000E-01
    1.9500154388E+01    1.0200000000E+00
    1.9507071709E+01    1.0500000000E+00
    1.9501015485E+01    1.0800000000E+00
    1.9502188022E+01    1.1100000000E+00
    1.9500032638E+01    1.1400000000E+00
    1.9548468398E+01    1.1700000000E+00
    1.9500464234E+01    1.2000000000E+00
    1.9501746245E+01    1.2300000000E+00
    1.9597483649E+01    1.2600000000E+00
    1.9500003408E+01    1.2900000000E+00
    1.9585999108E+01    1.3200000000E+00
    1.9508242086E+01    1.3500000000E+00
    1.9618400800E+01    1.3800000000E+00
    1.9544455071E+01    1.4100000000E+00
    1.9577073952E+01    1.4400000000E+00
    1.9551090657E+01    1.4700000000E+00
    1.9529380451E+01    1.5000000000E+00
    1.9639637843E+01    1.5300000000E+00
    1.9726136106E+01    1.5600000000E+00
    1.9767104324E+01    1.5900000000E+00
    1.9850801462E+01    1.6200000000E+00
    2.0356369124E+01    1.6500000000E+00
    2.0134281996E+01    1.6800000000E+00
    2.0500000000E+01    1.7100000000E+00
    1.9782265360E+01    1.7400000000E+00
    2.0453970897E+01    1.7700000000E+00
    1.9566549168E+01    1.8000000000E+00
    1.9581841229E+01    1.8300000000E+00
    1.9610783570E+01    1.8600000000E+00
    1.9633144382E+01    1.8900000000E+00
    1.9617722860E+01    1.9200000000E+00
    1.9526312310E+01    1.9500000000E+00
    1.9587708252E+01    1.9800000000E+00
    1.9507775855E+01    2.0100000000E+00
    1.9559365056E+01    2.0400000000E+00
    1.9710620881E+01    2.0700000000E+00
    1.9967721853E+01    2.1000000000E+00
    1.9804183001E+01    2.1300000000E+00
    1.9591410293E+01    2.1600000000E+00
    1.9824372920E+01    2.1900000000E+00
    1.9624757977E+01    2.2200000000E+00
    1.9881933069E+01    2.2500000000E+00
    1.9820370387E+01    2.2800000000E+00
    1.9815102371E+01    2.3100000000E+00
    2.0282770537E+01    2.3400000000E+00
    2.0018626069E+01    2.3700000000E+00
    2.0131339412E+01    2.4000000000E+00
    1.9709500166E+01    2.4300000000E+00
    1.9879948016E+01    2.4600000000E+00
    1.9611441867E+01    2.4900000000E+00
    1.9526585571E+01    2.5200000000E+00
    1.9556204365E+01    2.5500000000E+00
    1.9632663784E+01    2.5800000000E+00
    1.9659569198E+01    2.6100000000E+00
    1.9649348885E+01    2.6400000000E+00
    1.9839472582E+01    2.6700000000E+00
    2.0140692531E+01    2.7000000000E+00
    1.9778384852E+01    2.7300000000E+00
    1.9548087582E+01    2.7600000000E+00
    1.9509344516E+01    2.7900000000E+00
    1.9980562416E+01    2.8200000000E+00
    2.0121916992E+01    2.8500000000E+00
    1.9779830684E+01    2.8800000000E+00
    1.9786409549E+01    2.9100000000E+00
    1.9602385874E+01    2.9400000000E+00
    1.9668349517E+01    2.9700000000E+00
    1.9530602002E+01    3.0000000000E+00
    1.9501164428E+01    3.0300000000E+00
    1.9501057885E+01    3.0600000000E+00
    1.9508490475E+01    3.0900000000E+00
    1.9542077541E+01    3.1200000000E+00
    1.9513957838E+01    3.1800000000E+00
    1.9514016695E+01    3.2100000000E+00
    1.9514092010E+01    3.2400000000E+00
    1.9514176035E+01    3.2700000000E+00
    1.9528562125E+01    3.3000000000E+00
    1.9528679870E+01    3.3300000000E+00
    1.9534277003E+01    3.4500000000E+00
    1.9537326932E+01    3.4800000000E+00
    1.9564986065E+01    3.5100000000E+00
    1.9568091172E+01    3.5400000000E+00
    1.9652796823E+01    3.5700000000E+00
    1.9602451057E+01    3.6000000000E+00
    1.9649835878E+01    3.6300000000E+00
    1.9596822747E+01    3.6600000000E+00
