     #     T [K]    \rho(delta_nk) [meV]
    1.9000024711E+01    8.4000000000E-01
    1.9000680970E+01    9.0000000000E-01
    1.9000128127E+01    9.3000000000E-01
    1.9008706669E+01    9.9000000000E-01
    1.9002355454E+01    1.0200000000E+00
    1.9000002463E+01    1.0500000000E+00
    1.9052129912E+01    1.0800000000E+00
    1.9000635347E+01    1.1100000000E+00
    1.9001880396E+01    1.1400000000E+00
    1.9104972607E+01    1.1700000000E+00
    1.9000004730E+01    1.2000000000E+00
    1.9092580485E+01    1.2300000000E+00
    1.9111815466E+01    1.2600000000E+00
    1.9025243904E+01    1.2900000000E+00
    1.9046332104E+01    1.3200000000E+00
    1.9001200708E+01    1.3500000000E+00
    1.9127737220E+01    1.3800000000E+00
    1.9099357975E+01    1.4100000000E+00
    1.9013126692E+01    1.4400000000E+00
    1.9083378689E+01    1.4700000000E+00
    1.9264692109E+01    1.5000000000E+00
    1.9619216093E+01    1.5300000000E+00
    1.9972722015E+01    1.5600000000E+00
    1.9836968499E+01    1.5900000000E+00
    1.9544678105E+01    1.6200000000E+00
    2.0000000000E+01    1.6500000000E+00
    1.9166921532E+01    1.6800000000E+00
    1.9179965589E+01    1.7100000000E+00
    1.9431471759E+01    1.7400000000E+00
    1.9045213310E+01    1.7700000000E+00
    1.9123527039E+01    1.8000000000E+00
    1.9045603948E+01    1.8300000000E+00
    1.9202871755E+01    1.8600000000E+00
    1.9064962784E+01    1.8900000000E+00
    1.9248834062E+01    1.9200000000E+00
    1.9652505442E+01    1.9500000000E+00
    1.9130169225E+01    1.9800000000E+00
    1.9104877125E+01    2.0100000000E+00
    1.9270608997E+01    2.0400000000E+00
    1.9287457607E+01    2.0700000000E+00
    1.9174492681E+01    2.1000000000E+00
    1.9033539153E+01    2.1300000000E+00
    1.9078456949E+01    2.1600000000E+00
    1.9013485038E+01    2.1900000000E+00
    1.9017643544E+01    2.2200000000E+00
    1.9040665532E+01    2.2500000000E+00
    1.9046962299E+01    2.2800000000E+00
    1.9049534277E+01    2.3100000000E+00
    1.9047897926E+01    2.3400000000E+00
    1.9108753922E+01    2.3700000000E+00
    1.9061834681E+01    2.4000000000E+00
    1.9045230500E+01    2.4300000000E+00
    1.9270247473E+01    2.4600000000E+00
    1.9433486413E+01    2.4900000000E+00
    1.9492927745E+01    2.5200000000E+00
    1.9799067627E+01    2.5500000000E+00
    1.9644863689E+01    2.5800000000E+00
    1.9505496422E+01    2.6100000000E+00
    1.9318590530E+01    2.6400000000E+00
    1.9076449764E+01    2.6700000000E+00
    1.9406347635E+01    2.7000000000E+00
    1.9020182662E+01    2.7300000000E+00
    1.9001782492E+01    2.7600000000E+00
    1.9041208858E+01    2.7900000000E+00
    1.9062835254E+01    2.8200000000E+00
    1.9113552664E+01    2.8500000000E+00
    1.9092841214E+01    2.8800000000E+00
    1.9181573304E+01    2.9100000000E+00
    1.9271851348E+01    2.9400000000E+00
    1.9525372289E+01    2.9700000000E+00
    1.9018326046E+01    3.0000000000E+00
    1.9016962753E+01    3.0300000000E+00
    1.9010062387E+01    3.0600000000E+00
    1.9309324621E+01    3.0900000000E+00
    1.9771869369E+01    3.1200000000E+00
    1.9206054802E+01    3.1500000000E+00
    1.9201254103E+01    3.1800000000E+00
    1.9308418419E+01    3.2100000000E+00
    1.9229035237E+01    3.2400000000E+00
    1.9066141035E+01    3.2700000000E+00
    1.9029305501E+01    3.3000000000E+00
    1.9002039367E+01    3.3300000000E+00
    1.9001769094E+01    3.3600000000E+00
    1.9007726374E+01    3.3900000000E+00
    1.9045310051E+01    3.4200000000E+00
    1.9015030117E+01    3.4800000000E+00
    1.9015093495E+01    3.5100000000E+00
    1.9015174596E+01    3.5700000000E+00
    1.9015265077E+01    3.6000000000E+00
    1.9046194289E+01    3.6300000000E+00
    1.9015445192E+01    3.6600000000E+00
    1.9036910255E+01    3.7800000000E+00
    1.9040194488E+01    3.8100000000E+00
    1.9044994668E+01    3.8400000000E+00
    1.9098305924E+01    3.8700000000E+00
    1.9043033291E+01    3.9000000000E+00
    1.9148263859E+01    3.9300000000E+00
    1.9083559564E+01    3.9600000000E+00
    1.9193938755E+01    3.9900000000E+00
    1.9071668854E+01    4.0200000000E+00
