     #     T [K]    \rho(delta_nk) [meV]
    1.0000042497E+01    1.4400000000E+00
    1.0000027387E+01    1.4700000000E+00
    1.0000002960E+01    1.5600000000E+00
    1.0000751757E+01    1.5900000000E+00
    1.0000141980E+01    1.6200000000E+00
    1.0002315566E+01    1.6800000000E+00
    1.0006124085E+01    1.7100000000E+00
    1.0001209918E+01    1.7400000000E+00
    1.0000002001E+01    1.7700000000E+00
    1.0002608540E+01    1.8000000000E+00
    1.0000002730E+01    1.8300000000E+00
    1.0057775220E+01    1.8600000000E+00
    1.0000134609E+01    1.8900000000E+00
    1.0000553422E+01    1.9200000000E+00
    1.0116645364E+01    1.9800000000E+00
    1.0003151204E+01    2.0100000000E+00
    1.0001539903E+01    2.0400000000E+00
    1.0008610296E+01    2.0700000000E+00
    1.0100300255E+01    2.1000000000E+00
    1.0034656700E+01    2.1300000000E+00
    1.0049241475E+01    2.1600000000E+00
    1.0215792612E+01    2.1900000000E+00
    1.0109072259E+01    2.2200000000E+00
    1.0283999770E+01    2.2500000000E+00
    1.0003871846E+01    2.2800000000E+00
    1.0002650494E+01    2.3100000000E+00
    1.0086412172E+01    2.3400000000E+00
    1.0056214212E+01    2.3700000000E+00
    1.0111918243E+01    2.4000000000E+00
    1.0215781602E+01    2.4300000000E+00
    1.0003404960E+01    2.4600000000E+00
    1.0004519080E+01    2.4900000000E+00
    1.0103079654E+01    2.5200000000E+00
    1.0000023987E+01    2.5500000000E+00
    1.0189349269E+01    2.5800000000E+00
    1.0094114708E+01    2.6100000000E+00
    1.0220699185E+01    2.6400000000E+00
    1.0591179482E+01    2.6700000000E+00
    1.0952979404E+01    2.7000000000E+00
    1.0275829453E+01    2.7300000000E+00
    1.0525842270E+01    2.7600000000E+00
    1.0477012540E+01    2.7900000000E+00
    1.0390421854E+01    2.8200000000E+00
    1.0030105521E+01    2.8500000000E+00
    1.1000000000E+01    2.8800000000E+00
    1.0133708284E+01    2.9100000000E+00
    1.0096677065E+01    2.9400000000E+00
    1.0001463004E+01    2.9700000000E+00
    1.0000021978E+01    3.0000000000E+00
    1.0132504813E+01    3.0300000000E+00
    1.0172570543E+01    3.0600000000E+00
    1.0070179798E+01    3.0900000000E+00
    1.0000560002E+01    3.1200000000E+00
    1.0174007453E+01    3.1500000000E+00
    1.0013338204E+01    3.1800000000E+00
    1.0011700545E+01    3.2100000000E+00
    1.0228992980E+01    3.2400000000E+00
    1.0073343693E+01    3.2700000000E+00
    1.0362954876E+01    3.3000000000E+00
    1.0413799534E+01    3.3300000000E+00
    1.0509432615E+01    3.3600000000E+00
    1.0418807840E+01    3.3900000000E+00
    1.0563185692E+01    3.4200000000E+00
    1.0388011686E+01    3.4500000000E+00
    1.0408511971E+01    3.4800000000E+00
    1.0592512198E+01    3.5100000000E+00
    1.0596986782E+01    3.5400000000E+00
    1.0348274063E+01    3.5700000000E+00
    1.0273936200E+01    3.6000000000E+00
    1.0064547834E+01    3.6300000000E+00
    1.0061209588E+01    3.6600000000E+00
    1.0094100818E+01    3.6900000000E+00
    1.0216080809E+01    3.7200000000E+00
    1.0390691121E+01    3.7500000000E+00
    1.0079661797E+01    3.7800000000E+00
    1.0165378090E+01    3.8100000000E+00
    1.0176926046E+01    3.8400000000E+00
    1.0142594442E+01    3.8700000000E+00
    1.0222803634E+01    3.9000000000E+00
    1.0227973920E+01    3.9300000000E+00
    1.0234299401E+01    3.9600000000E+00
    1.0061594504E+01    3.9900000000E+00
    1.0108558313E+01    4.0200000000E+00
    1.0126091316E+01    4.0500000000E+00
    1.0052585205E+01    4.0800000000E+00
    1.0028925721E+01    4.1100000000E+00
    1.0143868425E+01    4.1400000000E+00
    1.0096298659E+01    4.1700000000E+00
    1.0121402490E+01    4.2000000000E+00
    1.0671926056E+01    4.2300000000E+00
    1.0471995594E+01    4.2600000000E+00
    1.0295439695E+01    4.2900000000E+00
    1.0246138630E+01    4.3200000000E+00
    1.0412283193E+01    4.3500000000E+00
    1.0039920251E+01    4.3800000000E+00
    1.0037531657E+01    4.4100000000E+00
    1.0160700487E+01    4.4400000000E+00
    1.0105056619E+01    4.4700000000E+00
    1.0130070024E+01    4.5000000000E+00
    1.0039808349E+01    4.5300000000E+00
    1.0047174849E+01    4.5600000000E+00
    1.0086164385E+01    4.5900000000E+00
    1.0041690266E+01    4.6200000000E+00
    1.0016657821E+01    4.6800000000E+00
    1.0016728063E+01    4.7400000000E+00
    1.0016817948E+01    4.8000000000E+00
    1.0016918226E+01    4.8300000000E+00
    1.0017010397E+01    4.8600000000E+00
    1.0034186558E+01    4.8900000000E+00
    1.0017117847E+01    4.9200000000E+00
    1.0040907495E+01    5.1000000000E+00
    1.0044547398E+01    5.1300000000E+00
    1.0024319018E+01    5.1600000000E+00
    1.0079750662E+01    5.1900000000E+00
    1.0054749820E+01    5.2200000000E+00
    1.0182353613E+01    5.2800000000E+00
    1.0058178142E+01    5.3100000000E+00
    1.0064090895E+01    5.3400000000E+00
    1.0104322784E+01    5.3700000000E+00
    1.0150580776E+01    5.4000000000E+00
    1.0039468342E+01    5.4300000000E+00
