     #     T [K]    \rho(delta_nk) [meV]
    9.0000498620E+00    1.4400000000E+00
    9.0000322787E+00    1.4700000000E+00
    9.0000034786E+00    1.5600000000E+00
    9.0008835978E+00    1.5900000000E+00
    9.0001666161E+00    1.6500000000E+00
    9.0027216637E+00    1.6800000000E+00
    9.0071980723E+00    1.7100000000E+00
    9.0014221499E+00    1.7400000000E+00
    9.0000023518E+00    1.7700000000E+00
    9.0030660194E+00    1.8000000000E+00
    9.0000032083E+00    1.8300000000E+00
    9.0678302517E+00    1.8600000000E+00
    9.0000774435E+00    1.8900000000E+00
    9.0001583482E+00    1.9200000000E+00
    9.0006512005E+00    1.9500000000E+00
    9.1391937569E+00    2.0100000000E+00
    9.0016124381E+00    2.0400000000E+00
    9.0059391408E+00    2.0700000000E+00
    9.1238816338E+00    2.1000000000E+00
    9.0192778939E+00    2.1300000000E+00
    9.0214571028E+00    2.1600000000E+00
    9.1920797478E+00    2.1900000000E+00
    9.1221513702E+00    2.2200000000E+00
    9.3989392345E+00    2.2500000000E+00
    9.0641690028E+00    2.2800000000E+00
    9.0038494709E+00    2.3100000000E+00
    9.0011795244E+00    2.3400000000E+00
    9.1664591589E+00    2.3700000000E+00
    9.0000016110E+00    2.4000000000E+00
    9.1321563542E+00    2.4300000000E+00
    9.2542711371E+00    2.4600000000E+00
    9.0080016063E+00    2.4900000000E+00
    9.0166880492E+00    2.5200000000E+00
    9.1045489702E+00    2.5500000000E+00
    9.0067904995E+00    2.5800000000E+00
    9.2177790174E+00    2.6100000000E+00
    9.1250987076E+00    2.6400000000E+00
    9.4075014709E+00    2.6700000000E+00
    9.9479608589E+00    2.7000000000E+00
    9.8099829537E+00    2.7300000000E+00
    9.2719992904E+00    2.7600000000E+00
    9.8138107674E+00    2.7900000000E+00
    9.4529111741E+00    2.8200000000E+00
    9.3183270891E+00    2.8500000000E+00
    9.3100299967E+00    2.8800000000E+00
    1.0000000000E+01    2.9100000000E+00
    9.1454869278E+00    2.9400000000E+00
    9.0236910513E+00    2.9700000000E+00
    9.0013127192E+00    3.0000000000E+00
    9.1146085254E+00    3.0300000000E+00
    9.1779902257E+00    3.0600000000E+00
    9.1008298012E+00    3.0900000000E+00
    9.0476393744E+00    3.1200000000E+00
    9.0664525124E+00    3.1500000000E+00
    9.1543946176E+00    3.1800000000E+00
    9.0010001977E+00    3.2100000000E+00
    9.0128677028E+00    3.2400000000E+00
    9.2714900265E+00    3.2700000000E+00
    9.2254950108E+00    3.3000000000E+00
    9.2848813202E+00    3.3300000000E+00
    9.4888154590E+00    3.3600000000E+00
    9.6750730300E+00    3.3900000000E+00
    9.6092125490E+00    3.4200000000E+00
    9.4662585497E+00    3.4500000000E+00
    9.4622817989E+00    3.4800000000E+00
    9.5124788153E+00    3.5100000000E+00
    9.7026049802E+00    3.5400000000E+00
    9.6720276298E+00    3.5700000000E+00
    9.3942865473E+00    3.6000000000E+00
    9.3435163573E+00    3.6300000000E+00
    9.1105372803E+00    3.6600000000E+00
    9.0786505559E+00    3.6900000000E+00
    9.0801505275E+00    3.7200000000E+00
    9.3431532079E+00    3.7500000000E+00
    9.3500630000E+00    3.7800000000E+00
    9.0955116335E+00    3.8100000000E+00
    9.1800561175E+00    3.8400000000E+00
    9.2224775718E+00    3.8700000000E+00
    9.1549963498E+00    3.9000000000E+00
    9.2599183512E+00    3.9300000000E+00
    9.2679554243E+00    3.9600000000E+00
    9.2753899027E+00    3.9900000000E+00
    9.0147045677E+00    4.0200000000E+00
    9.1852895810E+00    4.0500000000E+00
    9.0800981209E+00    4.0800000000E+00
    9.1457567079E+00    4.1100000000E+00
    9.0113934590E+00    4.1400000000E+00
    9.1758624378E+00    4.1700000000E+00
    9.0040135253E+00    4.2000000000E+00
    9.2518675133E+00    4.2300000000E+00
    9.3897260284E+00    4.2600000000E+00
    9.8184703035E+00    4.2900000000E+00
    9.4833466828E+00    4.3200000000E+00
    9.3138696519E+00    4.3500000000E+00
    9.1868669834E+00    4.3800000000E+00
    9.3168331877E+00    4.4100000000E+00
    9.0474366118E+00    4.4400000000E+00
    9.1626257866E+00    4.4700000000E+00
    9.2253319479E+00    4.5000000000E+00
    9.0773204136E+00    4.5300000000E+00
    9.0867170711E+00    4.5600000000E+00
    9.1067129846E+00    4.5900000000E+00
    9.0102248776E+00    4.6200000000E+00
    9.0294789467E+00    4.6500000000E+00
    9.0195228550E+00    4.6800000000E+00
    9.0195792291E+00    4.7400000000E+00
    9.0196617895E+00    4.7700000000E+00
    9.0197674377E+00    4.8300000000E+00
    9.0198853031E+00    4.8900000000E+00
    9.0199936386E+00    4.9200000000E+00
    9.0603020450E+00    4.9500000000E+00
    9.0480817506E+00    5.1300000000E+00
    9.0254021492E+00    5.1600000000E+00
    9.0269578612E+00    5.1900000000E+00
    9.0586130441E+00    5.2200000000E+00
    9.1280598287E+00    5.2500000000E+00
    9.0274714069E+00    5.3100000000E+00
    9.1868629332E+00    5.3400000000E+00
    9.1070608458E+00    5.3700000000E+00
    9.0787053038E+00    5.4000000000E+00
    9.1252653186E+00    5.4300000000E+00
    9.1786789306E+00    5.4600000000E+00
