     #     T [K]    \rho(delta_nk) [meV]
    1.6500022855E+01    1.1700000000E+00
    1.6500035402E+01    1.2300000000E+00
    1.6500002532E+01    1.2600000000E+00
    1.6500627355E+01    1.2900000000E+00
    1.6500118504E+01    1.3200000000E+00
    1.6501932382E+01    1.3500000000E+00
    1.6505110661E+01    1.3800000000E+00
    1.6501009699E+01    1.4100000000E+00
    1.6502178544E+01    1.4400000000E+00
    1.6500002278E+01    1.4700000000E+00
    1.6548192003E+01    1.5000000000E+00
    1.6500112427E+01    1.5300000000E+00
    1.6500461747E+01    1.5600000000E+00
    1.6500254866E+01    1.5900000000E+00
    1.6598595826E+01    1.6200000000E+00
    1.6585627053E+01    1.7100000000E+00
    1.6501149193E+01    1.7400000000E+00
    1.6626344096E+01    1.7700000000E+00
    1.6506182165E+01    1.8000000000E+00
    1.6559247094E+01    1.8300000000E+00
    1.6513310202E+01    1.8600000000E+00
    1.6606924619E+01    1.8900000000E+00
    1.6700086129E+01    1.9200000000E+00
    1.6695052658E+01    1.9500000000E+00
    1.6594086656E+01    1.9800000000E+00
    1.6512010196E+01    2.0100000000E+00
    1.6574239178E+01    2.0400000000E+00
    1.6504825581E+01    2.0700000000E+00
    1.6922810345E+01    2.1000000000E+00
    1.6792936300E+01    2.1300000000E+00
    1.7500000000E+01    2.1600000000E+00
    1.6814837370E+01    2.1900000000E+00
    1.7141886656E+01    2.2200000000E+00
    1.6971732143E+01    2.2500000000E+00
    1.6527745383E+01    2.2800000000E+00
    1.7406980286E+01    2.3100000000E+00
    1.6679680217E+01    2.3400000000E+00
    1.6501586316E+01    2.3700000000E+00
    1.6500093629E+01    2.4000000000E+00
    1.6650545246E+01    2.4300000000E+00
    1.6674935915E+01    2.4600000000E+00
    1.6503162306E+01    2.4900000000E+00
    1.6613899195E+01    2.5200000000E+00
    1.6508604078E+01    2.5500000000E+00
    1.6521790564E+01    2.5800000000E+00
    1.6529582644E+01    2.6100000000E+00
    1.6516857102E+01    2.6400000000E+00
    1.6577076504E+01    2.6700000000E+00
    1.6561516097E+01    2.7000000000E+00
    1.6500571957E+01    2.7300000000E+00
    1.6516198734E+01    2.7600000000E+00
    1.7202086383E+01    2.7900000000E+00
    1.7038071649E+01    2.8200000000E+00
    1.6757972851E+01    2.8500000000E+00
    1.7129256163E+01    2.8800000000E+00
    1.6949399176E+01    2.9100000000E+00
    1.7413411663E+01    2.9400000000E+00
    1.7094783653E+01    2.9700000000E+00
    1.6791833338E+01    3.0000000000E+00
    1.6635439244E+01    3.0300000000E+00
    1.6793317528E+01    3.0600000000E+00
    1.6603834375E+01    3.0900000000E+00
    1.6523710292E+01    3.1200000000E+00
    1.6500646678E+01    3.1500000000E+00
    1.6548814047E+01    3.1800000000E+00
    1.6584445265E+01    3.2100000000E+00
    1.6641787824E+01    3.2400000000E+00
    1.6593015502E+01    3.2700000000E+00
    1.6685086740E+01    3.3000000000E+00
    1.6693776048E+01    3.3300000000E+00
    1.6685552707E+01    3.3600000000E+00
    1.6881484465E+01    3.3900000000E+00
    1.6606652453E+01    3.4200000000E+00
    1.6542948875E+01    3.4500000000E+00
    1.6561221663E+01    3.4800000000E+00
    1.6533488455E+01    3.5100000000E+00
    1.6771716999E+01    3.5400000000E+00
    1.7421614794E+01    3.5700000000E+00
    1.6774024949E+01    3.6000000000E+00
    1.6782033079E+01    3.6300000000E+00
    1.6785254205E+01    3.6600000000E+00
    1.6703299148E+01    3.6900000000E+00
    1.6531258768E+01    3.7200000000E+00
    1.6537719415E+01    3.7500000000E+00
    1.6527633837E+01    3.7800000000E+00
    1.6501971273E+01    3.8100000000E+00
    1.6501751076E+01    3.8400000000E+00
    1.6507146073E+01    3.8700000000E+00
    1.6514199744E+01    3.9000000000E+00
    1.6527707230E+01    3.9300000000E+00
    1.6513901258E+01    3.9600000000E+00
    1.6513959876E+01    4.0200000000E+00
    1.6514034886E+01    4.0800000000E+00
    1.6514118571E+01    4.1100000000E+00
    1.6528446345E+01    4.1400000000E+00
    1.6528563613E+01    4.1700000000E+00
    1.6534138056E+01    4.3200000000E+00
    1.6537175622E+01    4.3500000000E+00
    1.6541615278E+01    4.3800000000E+00
    1.6590922514E+01    4.4100000000E+00
    1.6652177442E+01    4.4700000000E+00
    1.6576013231E+01    4.5000000000E+00
    1.6555880788E+01    4.5300000000E+00
    1.6649514442E+01    4.5600000000E+00
    1.6566286060E+01    4.5900000000E+00
