     #     T [K]    \rho(delta_nk) [meV]
    4.0000449779E+00    1.4700000000E+00
    4.0000289861E+00    1.5000000000E+00
    4.0000031323E+00    1.5900000000E+00
    4.0007956398E+00    1.6200000000E+00
    4.0001500302E+00    1.6800000000E+00
    4.0024507348E+00    1.7100000000E+00
    4.0065002521E+00    1.7700000000E+00
    4.0012618675E+00    1.8000000000E+00
    4.0000021177E+00    1.8300000000E+00
    4.0027608116E+00    1.8600000000E+00
    4.0611094675E+00    1.8900000000E+00
    4.0000412247E+00    1.9200000000E+00
    4.0001424664E+00    1.9500000000E+00
    4.0005857275E+00    1.9800000000E+00
    4.1245537129E+00    2.0400000000E+00
    4.0038656220E+00    2.0700000000E+00
    4.0091129734E+00    2.1000000000E+00
    4.1235136324E+00    2.1600000000E+00
    4.0635350076E+00    2.1900000000E+00
    4.0079020667E+00    2.2200000000E+00
    4.3363600469E+00    2.2500000000E+00
    4.2537019418E+00    2.2800000000E+00
    4.0543446533E+00    2.3100000000E+00
    4.0069019303E+00    2.3400000000E+00
    4.0000011460E+00    2.3700000000E+00
    4.0914659083E+00    2.4000000000E+00
    4.0594847297E+00    2.4300000000E+00
    4.1184531299E+00    2.4600000000E+00
    4.1141798669E+00    2.4900000000E+00
    4.1166092745E+00    2.5200000000E+00
    4.0059748281E+00    2.5500000000E+00
    4.0149786367E+00    2.5800000000E+00
    4.0941398079E+00    2.6100000000E+00
    4.0119866848E+00    2.6400000000E+00
    4.1902187631E+00    2.6700000000E+00
    4.1128137915E+00    2.7000000000E+00
    4.4813372412E+00    2.7300000000E+00
    5.0000000000E+00    2.7600000000E+00
    4.4683743580E+00    2.7900000000E+00
    4.2437502817E+00    2.8200000000E+00
    4.7891779485E+00    2.8500000000E+00
    4.2341101963E+00    2.8800000000E+00
    4.4051484525E+00    2.9100000000E+00
    4.2703433951E+00    2.9400000000E+00
    4.8197662470E+00    2.9700000000E+00
    4.1463284576E+00    3.0000000000E+00
    4.0964129450E+00    3.0300000000E+00
    4.0002368541E+00    3.0600000000E+00
    4.0363992842E+00    3.0900000000E+00
    4.1127212185E+00    3.1200000000E+00
    4.1485970075E+00    3.1500000000E+00
    4.0998308610E+00    3.1800000000E+00
    4.0597944353E+00    3.2100000000E+00
    4.1245481204E+00    3.2400000000E+00
    4.0149313124E+00    3.2700000000E+00
    4.2145292956E+00    3.3000000000E+00
    4.1097703426E+00    3.3300000000E+00
    4.3856166056E+00    3.3600000000E+00
    4.1547323420E+00    3.3900000000E+00
    4.6687907685E+00    3.4200000000E+00
    4.3822558763E+00    3.4500000000E+00
    4.6122291898E+00    3.4800000000E+00
    4.5461785837E+00    3.5100000000E+00
    4.3886519492E+00    3.5400000000E+00
    4.2088563692E+00    3.5700000000E+00
    4.0402719365E+00    3.6000000000E+00
    4.5806425932E+00    3.6300000000E+00
    4.5580898702E+00    3.6600000000E+00
    4.5506546865E+00    3.6900000000E+00
    4.0921052429E+00    3.7200000000E+00
    4.0947272886E+00    3.7500000000E+00
    4.0835890909E+00    3.7800000000E+00
    4.1764661410E+00    3.8100000000E+00
    4.1454295658E+00    3.8400000000E+00
    4.4201984817E+00    3.8700000000E+00
    4.1244047947E+00    3.9000000000E+00
    4.3134199350E+00    3.9300000000E+00
    4.1963975495E+00    3.9600000000E+00
    4.1345666911E+00    3.9900000000E+00
    4.3682888237E+00    4.0200000000E+00
    4.1260898883E+00    4.0500000000E+00
    4.0651849925E+00    4.0800000000E+00
    4.1149341861E+00    4.1100000000E+00
    4.0036235014E+00    4.1400000000E+00
    4.0942623725E+00    4.1700000000E+00
    4.1142149274E+00    4.2000000000E+00
    4.1516411796E+00    4.2300000000E+00
    4.2297691289E+00    4.2900000000E+00
    4.3503650212E+00    4.3200000000E+00
    4.3564917403E+00    4.3500000000E+00
    4.6202594739E+00    4.3800000000E+00
    4.3068821215E+00    4.4100000000E+00
    4.2937703463E+00    4.4400000000E+00
    4.2591455487E+00    4.4700000000E+00
    4.0715827041E+00    4.5000000000E+00
    4.0463402443E+00    4.5300000000E+00
    4.0534688723E+00    4.5600000000E+00
    4.1846791416E+00    4.5900000000E+00
    4.0972751033E+00    4.6200000000E+00
    4.1039899171E+00    4.6500000000E+00
    4.0514147472E+00    4.6800000000E+00
    4.0894974950E+00    4.7100000000E+00
    4.0854511672E+00    4.7400000000E+00
    4.0176302088E+00    4.8000000000E+00
    4.0177045507E+00    4.8600000000E+00
    4.0177996821E+00    4.9200000000E+00
    4.0179058146E+00    4.9500000000E+00
    4.0180033658E+00    4.9800000000E+00
    4.0361821717E+00    5.0100000000E+00
    4.0181170880E+00    5.0400000000E+00
    4.0432954382E+00    5.2200000000E+00
    4.0471478174E+00    5.2500000000E+00
    4.0257386218E+00    5.2800000000E+00
    4.0551002409E+00    5.3100000000E+00
    4.0872516026E+00    5.3400000000E+00
    4.1929983635E+00    5.4300000000E+00
    4.0964034416E+00    5.4600000000E+00
    4.1062585348E+00    5.4900000000E+00
    4.1156380214E+00    5.5200000000E+00
    4.1226620316E+00    5.5500000000E+00
