     #     T [K]    \rho(delta_nk) [meV]
    1.8500019967E+01    9.9000000000E-01
    1.8500550228E+01    1.0800000000E+00
    1.8500103528E+01    1.1100000000E+00
    1.8500032638E+01    1.1400000000E+00
    1.8507020521E+01    1.1700000000E+00
    1.8500014326E+01    1.2000000000E+00
    1.8501903753E+01    1.2300000000E+00
    1.8542199759E+01    1.2900000000E+00
    1.8500403392E+01    1.3200000000E+00
    1.8501519901E+01    1.3500000000E+00
    1.8584818529E+01    1.3800000000E+00
    1.8574809340E+01    1.4400000000E+00
    1.8501747628E+01    1.4700000000E+00
    1.8505443356E+01    1.5000000000E+00
    1.8603477022E+01    1.5300000000E+00
    1.8537532825E+01    1.5600000000E+00
    1.8501239454E+01    1.5900000000E+00
    1.8607245365E+01    1.6200000000E+00
    1.8504915359E+01    1.6500000000E+00
    1.8524366601E+01    1.6800000000E+00
    1.8621509757E+01    1.7100000000E+00
    1.8623499508E+01    1.7400000000E+00
    1.8760876201E+01    1.7700000000E+00
    1.8851561417E+01    1.8000000000E+00
    1.8765613715E+01    1.8300000000E+00
    1.9500000000E+01    1.8600000000E+00
    1.8929137870E+01    1.8900000000E+00
    1.9112833343E+01    1.9200000000E+00
    1.8906093506E+01    1.9500000000E+00
    1.9081297899E+01    1.9800000000E+00
    1.8505803424E+01    2.0100000000E+00
    1.8575265765E+01    2.0400000000E+00
    1.8591402734E+01    2.0700000000E+00
    1.8567736838E+01    2.1000000000E+00
    1.8565300558E+01    2.1300000000E+00
    1.8608186024E+01    2.1600000000E+00
    1.8575263992E+01    2.1900000000E+00
    1.8500450937E+01    2.2200000000E+00
    1.8505195083E+01    2.2500000000E+00
    1.8693410485E+01    2.2800000000E+00
    1.8832811590E+01    2.3100000000E+00
    1.8850170105E+01    2.3400000000E+00
    1.8538700113E+01    2.3700000000E+00
    1.8682382949E+01    2.4000000000E+00
    1.8662713935E+01    2.4300000000E+00
    1.8674190666E+01    2.4600000000E+00
    1.8650024938E+01    2.4900000000E+00
    1.8675895618E+01    2.5200000000E+00
    1.8637766996E+01    2.5500000000E+00
    1.8716215634E+01    2.5800000000E+00
    1.8963543944E+01    2.6100000000E+00
    1.9058088628E+01    2.6400000000E+00
    1.9084019978E+01    2.6700000000E+00
    1.8855221849E+01    2.7000000000E+00
    1.8608970048E+01    2.7300000000E+00
    1.8787608038E+01    2.7600000000E+00
    1.8610329440E+01    2.7900000000E+00
    1.8526977014E+01    2.8200000000E+00
    1.8552389268E+01    2.8500000000E+00
    1.8578614320E+01    2.8800000000E+00
    1.8659052435E+01    2.9100000000E+00
    1.8607308427E+01    2.9400000000E+00
    1.8827961906E+01    2.9700000000E+00
    1.8662612595E+01    3.0000000000E+00
    1.8810599163E+01    3.0300000000E+00
    1.8811846232E+01    3.0600000000E+00
    1.8517303226E+01    3.0900000000E+00
    1.8518885355E+01    3.1200000000E+00
    1.8500455464E+01    3.1500000000E+00
    1.8749936248E+01    3.1800000000E+00
    1.9123675327E+01    3.2100000000E+00
    1.8664620070E+01    3.2400000000E+00
    1.8664488099E+01    3.2700000000E+00
    1.8749204031E+01    3.3000000000E+00
    1.8684850780E+01    3.3300000000E+00
    1.8552991001E+01    3.3600000000E+00
    1.8524341541E+01    3.3900000000E+00
    1.8501527404E+01    3.4200000000E+00
    1.8501121287E+01    3.4500000000E+00
    1.8506671528E+01    3.4800000000E+00
    1.8512405193E+01    3.5100000000E+00
    1.8524205615E+01    3.5400000000E+00
    1.8512144429E+01    3.5700000000E+00
    1.8512195639E+01    3.6000000000E+00
    1.8512261170E+01    3.6600000000E+00
    1.8512334278E+01    3.6900000000E+00
    1.8524851321E+01    3.7200000000E+00
    1.8524953769E+01    3.7500000000E+00
    1.8545579938E+01    3.9000000000E+00
    1.8534451027E+01    3.9300000000E+00
    1.8537955364E+01    3.9600000000E+00
    1.8560102574E+01    3.9900000000E+00
    1.8618023037E+01    4.0200000000E+00
    1.8581329100E+01    4.0500000000E+00
    1.8573195349E+01    4.0800000000E+00
    1.8635376600E+01    4.1100000000E+00
    1.8528774501E+01    4.1400000000E+00
