     #     T [K]    \rho(delta_nk) [meV]
    1.7000023123E+01    1.1400000000E+00
    1.7000673097E+01    1.2300000000E+00
    1.7000119895E+01    1.2600000000E+00
    1.7007125697E+01    1.3200000000E+00
    1.7001021548E+01    1.3500000000E+00
    1.7000001689E+01    1.3800000000E+00
    1.7002204726E+01    1.4100000000E+00
    1.7048757559E+01    1.4400000000E+00
    1.7000113747E+01    1.4700000000E+00
    1.7000467166E+01    1.5000000000E+00
    1.7000257857E+01    1.5300000000E+00
    1.7099730152E+01    1.5600000000E+00
    1.7000022790E+01    1.5900000000E+00
    1.7086636340E+01    1.6500000000E+00
    1.7002001115E+01    1.6800000000E+00
    1.7103788262E+01    1.7100000000E+00
    1.7027776318E+01    1.7400000000E+00
    1.7047769183E+01    1.7700000000E+00
    1.7013849133E+01    1.8000000000E+00
    1.7121771200E+01    1.8300000000E+00
    1.7049692029E+01    1.8600000000E+00
    1.7154003831E+01    1.8900000000E+00
    1.7291146059E+01    1.9200000000E+00
    1.7012271284E+01    1.9500000000E+00
    1.7076800072E+01    1.9800000000E+00
    1.7166658594E+01    2.0100000000E+00
    1.7174944011E+01    2.0400000000E+00
    1.7573345883E+01    2.0700000000E+00
    1.8000000000E+01    2.1000000000E+00
    1.7217069808E+01    2.1300000000E+00
    1.7734407532E+01    2.1600000000E+00
    1.7323772777E+01    2.1900000000E+00
    1.7565089928E+01    2.2200000000E+00
    1.7425384367E+01    2.2500000000E+00
    1.7063370339E+01    2.2800000000E+00
    1.7069780538E+01    2.3100000000E+00
    1.7094790093E+01    2.3400000000E+00
    1.7235047238E+01    2.3700000000E+00
    1.7002021871E+01    2.4000000000E+00
    1.7109576240E+01    2.4300000000E+00
    1.7035504099E+01    2.4600000000E+00
    1.7006576236E+01    2.4900000000E+00
    1.7017000548E+01    2.5200000000E+00
    1.7002622444E+01    2.5500000000E+00
    1.7086524088E+01    2.5800000000E+00
    1.7026933934E+01    2.6100000000E+00
    1.7279266921E+01    2.6400000000E+00
    1.7597274638E+01    2.6700000000E+00
    1.7102426840E+01    2.7000000000E+00
    1.7229542475E+01    2.7300000000E+00
    1.7157125658E+01    2.7600000000E+00
    1.7536511600E+01    2.7900000000E+00
    1.7536984426E+01    2.8200000000E+00
    1.7745048445E+01    2.8500000000E+00
    1.7594339209E+01    2.8800000000E+00
    1.7479510245E+01    2.9100000000E+00
    1.7311834817E+01    2.9400000000E+00
    1.7037749228E+01    2.9700000000E+00
    1.7344507031E+01    3.0000000000E+00
    1.7102673781E+01    3.0300000000E+00
    1.7022951818E+01    3.0600000000E+00
    1.7053888176E+01    3.0900000000E+00
    1.7055382535E+01    3.1200000000E+00
    1.7075979111E+01    3.1500000000E+00
    1.7106256637E+01    3.1800000000E+00
    1.7095233939E+01    3.2100000000E+00
    1.7206534486E+01    3.2400000000E+00
    1.7252459979E+01    3.2700000000E+00
    1.7323767433E+01    3.3000000000E+00
    1.7310721914E+01    3.3300000000E+00
    1.7039844941E+01    3.3600000000E+00
    1.7104432792E+01    3.3900000000E+00
    1.7181427177E+01    3.4200000000E+00
    1.7072360263E+01    3.4500000000E+00
    1.7598473853E+01    3.4800000000E+00
    1.7650106665E+01    3.5100000000E+00
    1.7099647338E+01    3.5400000000E+00
    1.7193154837E+01    3.5700000000E+00
    1.7291412996E+01    3.6000000000E+00
    1.7115513067E+01    3.6300000000E+00
    1.7063151611E+01    3.6600000000E+00
    1.7026209330E+01    3.6900000000E+00
    1.7003060252E+01    3.7200000000E+00
    1.7001298468E+01    3.7500000000E+00
    1.7008700968E+01    3.7800000000E+00
    1.7007199187E+01    3.8100000000E+00
    1.7035199586E+01    3.8400000000E+00
    1.7014064396E+01    3.9000000000E+00
    1.7014123702E+01    3.9300000000E+00
    1.7014199592E+01    3.9900000000E+00
    1.7014284259E+01    4.0200000000E+00
    1.7028780177E+01    4.0500000000E+00
    1.7028898820E+01    4.0800000000E+00
    1.7034538683E+01    4.2300000000E+00
    1.7037611896E+01    4.2600000000E+00
    1.7020532835E+01    4.2900000000E+00
    1.7090284879E+01    4.3200000000E+00
    1.7023275473E+01    4.3500000000E+00
    1.7119226792E+01    4.3800000000E+00
    1.7111641807E+01    4.4100000000E+00
    1.7026327915E+01    4.4400000000E+00
    1.7150979768E+01    4.4700000000E+00
    1.7097561919E+01    4.5000000000E+00
