     #     T [K]    \rho(delta_nk) [meV]
    3.0000403549E+00    1.4700000000E+00
    3.0000260068E+00    1.5000000000E+00
    3.0000028104E+00    1.5900000000E+00
    3.0007138604E+00    1.6200000000E+00
    3.0001346095E+00    1.6800000000E+00
    3.0021988374E+00    1.7100000000E+00
    3.0058321273E+00    1.7700000000E+00
    3.0011321671E+00    1.8000000000E+00
    3.0000019000E+00    1.8300000000E+00
    3.0024770431E+00    1.8600000000E+00
    3.0548283647E+00    1.8900000000E+00
    3.0000369874E+00    1.9200000000E+00
    3.0001278231E+00    1.9500000000E+00
    3.0005255238E+00    1.9800000000E+00
    3.1117515285E+00    2.0400000000E+00
    3.0034682962E+00    2.0700000000E+00
    3.0081763015E+00    2.1000000000E+00
    3.1108183521E+00    2.1600000000E+00
    3.0570045970E+00    2.1900000000E+00
    3.0070898571E+00    2.2200000000E+00
    3.2027443195E+00    2.2500000000E+00
    3.3266684747E+00    2.2800000000E+00
    3.0487588682E+00    2.3100000000E+00
    3.0061925192E+00    2.3400000000E+00
    3.0000010282E+00    2.3700000000E+00
    3.0820646356E+00    2.4000000000E+00
    3.0533706248E+00    2.4300000000E+00
    3.1062779906E+00    2.4600000000E+00
    3.1024439526E+00    2.4900000000E+00
    3.1046236548E+00    2.5200000000E+00
    3.0053607087E+00    2.5500000000E+00
    3.0979022757E+00    2.6100000000E+00
    3.0107546400E+00    2.6400000000E+00
    3.1706672329E+00    2.6700000000E+00
    3.1012182885E+00    2.7000000000E+00
    3.3290788137E+00    2.7300000000E+00
    4.0000000000E+00    2.7600000000E+00
    3.4202327591E+00    2.7900000000E+00
    3.2186965441E+00    2.8200000000E+00
    3.6371769127E+00    2.8500000000E+00
    3.2793549566E+00    2.8800000000E+00
    3.3650836638E+00    2.9100000000E+00
    3.0266766584E+00    2.9400000000E+00
    3.9513866681E+00    2.9700000000E+00
    3.1312881681E+00    3.0000000000E+00
    3.0865031939E+00    3.0300000000E+00
    3.0002125091E+00    3.0600000000E+00
    3.0326580039E+00    3.0900000000E+00
    3.1011352306E+00    3.1200000000E+00
    3.1333235465E+00    3.1500000000E+00
    3.0895698013E+00    3.1800000000E+00
    3.0536484974E+00    3.2100000000E+00
    3.1117465109E+00    3.2400000000E+00
    3.0133966057E+00    3.2700000000E+00
    3.1924780288E+00    3.3000000000E+00
    3.0354394148E+00    3.3300000000E+00
    3.3072943283E+00    3.3600000000E+00
    3.2405643881E+00    3.3900000000E+00
    3.5981783242E+00    3.4200000000E+00
    3.3448370737E+00    3.4500000000E+00
    3.5370674763E+00    3.4800000000E+00
    3.5022606933E+00    3.5100000000E+00
    3.3312629516E+00    3.5400000000E+00
    3.2048441082E+00    3.5700000000E+00
    3.1364418689E+00    3.6000000000E+00
    3.4206515180E+00    3.6300000000E+00
    3.5007276992E+00    3.6600000000E+00
    3.4473659100E+00    3.6900000000E+00
    3.1293282962E+00    3.7200000000E+00
    3.0734224722E+00    3.7500000000E+00
    3.0865506486E+00    3.7800000000E+00
    3.1574906943E+00    3.8100000000E+00
    3.1313342490E+00    3.8400000000E+00
    3.2982341491E+00    3.8700000000E+00
    3.1903923814E+00    3.9000000000E+00
    3.2707922657E+00    3.9300000000E+00
    3.0875727585E+00    3.9600000000E+00
    3.2197754685E+00    3.9900000000E+00
    3.3304454736E+00    4.0200000000E+00
    3.1131298090E+00    4.0500000000E+00
    3.0118750421E+00    4.0800000000E+00
    3.1378511200E+00    4.1100000000E+00
    3.0151305425E+00    4.1400000000E+00
    3.0727731352E+00    4.1700000000E+00
    3.1142757024E+00    4.2000000000E+00
    3.1214540182E+00    4.2300000000E+00
    3.0146011314E+00    4.2600000000E+00
    3.2061524363E+00    4.2900000000E+00
    3.2945344943E+00    4.3200000000E+00
    3.1294545029E+00    4.3500000000E+00
    3.7667203314E+00    4.3800000000E+00
    3.2753394127E+00    4.4100000000E+00
    3.2635753241E+00    4.4400000000E+00
    3.2325094171E+00    4.4700000000E+00
    3.0426819279E+00    4.5000000000E+00
    3.0549510239E+00    4.5300000000E+00
    3.0561165146E+00    4.5600000000E+00
    3.1657229395E+00    4.5900000000E+00
    3.0872767357E+00    4.6200000000E+00
    3.0933013575E+00    4.6500000000E+00
    3.0461301245E+00    4.6800000000E+00
    3.0802985446E+00    4.7100000000E+00
    3.0766681163E+00    4.7400000000E+00
    3.0158180976E+00    4.8000000000E+00
    3.0158847983E+00    4.8600000000E+00
    3.0159701517E+00    4.9200000000E+00
    3.0322182752E+00    4.9800000000E+00
    3.0162159016E+00    5.0100000000E+00
    3.0325022388E+00    5.0400000000E+00
    3.0195950176E+00    5.2200000000E+00
    3.0397727691E+00    5.2500000000E+00
    3.0448724008E+00    5.2800000000E+00
    3.0494367932E+00    5.3100000000E+00
    3.0782834950E+00    5.3400000000E+00
    3.1731611337E+00    5.4300000000E+00
    3.0864946673E+00    5.4600000000E+00
    3.0296107646E+00    5.4900000000E+00
    3.1351775013E+00    5.5200000000E+00
    3.1443550584E+00    5.5500000000E+00
