     #     T [K]    \rho(delta_nk) [meV]
    5.0000363147E+00    1.4700000000E+00
    5.0000234031E+00    1.5000000000E+00
    5.0000025290E+00    1.5900000000E+00
    5.0006423910E+00    1.6200000000E+00
    5.0001211328E+00    1.6800000000E+00
    5.0019786970E+00    1.7100000000E+00
    5.0026927780E+00    1.7400000000E+00
    5.0035742740E+00    1.7700000000E+00
    5.0000017098E+00    1.8300000000E+00
    5.0022290497E+00    1.8600000000E+00
    5.0493391279E+00    1.8900000000E+00
    5.0000332844E+00    1.9200000000E+00
    5.0001150258E+00    1.9500000000E+00
    5.0004729101E+00    1.9800000000E+00
    5.1005633304E+00    2.0400000000E+00
    5.0031210617E+00    2.0700000000E+00
    5.0073577169E+00    2.1000000000E+00
    5.0997235806E+00    2.1600000000E+00
    5.0512974829E+00    2.1900000000E+00
    5.0063800438E+00    2.2200000000E+00
    5.2735263693E+00    2.2500000000E+00
    5.2028833448E+00    2.2800000000E+00
    5.0438772895E+00    2.3100000000E+00
    5.0055725444E+00    2.3400000000E+00
    5.0000009253E+00    2.3700000000E+00
    5.0738485923E+00    2.4000000000E+00
    5.0480273321E+00    2.4300000000E+00
    5.0956377852E+00    2.4600000000E+00
    5.0921879262E+00    2.4900000000E+00
    5.0979675678E+00    2.5200000000E+00
    5.0010051928E+00    2.5500000000E+00
    5.0639189190E+00    2.5800000000E+00
    5.0241821541E+00    2.6100000000E+00
    5.0096779080E+00    2.6400000000E+00
    5.1535805869E+00    2.6700000000E+00
    5.1688655229E+00    2.7000000000E+00
    5.3108842326E+00    2.7300000000E+00
    6.0000000000E+00    2.7600000000E+00
    5.1855110993E+00    2.7900000000E+00
    5.2121777577E+00    2.8200000000E+00
    5.7352037634E+00    2.8500000000E+00
    5.1714625475E+00    2.8800000000E+00
    5.2312790962E+00    2.9100000000E+00
    5.2252492260E+00    2.9400000000E+00
    5.7290632265E+00    2.9700000000E+00
    5.0439569602E+00    3.0000000000E+00
    5.0778427766E+00    3.0300000000E+00
    5.0002299332E+00    3.0600000000E+00
    5.0293496915E+00    3.0900000000E+00
    5.0910099015E+00    3.1200000000E+00
    5.1608431697E+00    3.1500000000E+00
    5.0397348240E+00    3.1800000000E+00
    5.0482773851E+00    3.2100000000E+00
    5.1006570905E+00    3.2400000000E+00
    5.0119572188E+00    3.2700000000E+00
    5.1810333317E+00    3.3000000000E+00
    5.0829739805E+00    3.3300000000E+00
    5.3109929746E+00    3.3600000000E+00
    5.1231219181E+00    3.3900000000E+00
    5.5400581159E+00    3.4200000000E+00
    5.4011808340E+00    3.4500000000E+00
    5.4548317098E+00    3.4800000000E+00
    5.3878510825E+00    3.5100000000E+00
    5.3243464389E+00    3.5400000000E+00
    5.1580290604E+00    3.5700000000E+00
    5.1852427102E+00    3.6000000000E+00
    5.3160771114E+00    3.6300000000E+00
    5.5317681014E+00    3.6600000000E+00
    5.3643108737E+00    3.6900000000E+00
    5.1024009442E+00    3.7200000000E+00
    5.0780084212E+00    3.7500000000E+00
    5.0707505464E+00    3.7800000000E+00
    5.1323742603E+00    3.8100000000E+00
    5.1631926151E+00    3.8400000000E+00
    5.2701608404E+00    3.8700000000E+00
    5.1784052081E+00    3.9000000000E+00
    5.1748070701E+00    3.9300000000E+00
    5.1585681583E+00    3.9600000000E+00
    5.1908130859E+00    3.9900000000E+00
    5.3164411720E+00    4.0200000000E+00
    5.0005494744E+00    4.0500000000E+00
    5.0526309206E+00    4.0800000000E+00
    5.0927956611E+00    4.1100000000E+00
    5.0029252853E+00    4.1400000000E+00
    5.1280967705E+00    4.1700000000E+00
    5.0402255630E+00    4.2000000000E+00
    5.1224334603E+00    4.2300000000E+00
    5.0029179029E+00    4.2600000000E+00
    5.1825952247E+00    4.2900000000E+00
    5.2828809563E+00    4.3200000000E+00
    5.3807667883E+00    4.3500000000E+00
    5.4265055743E+00    4.3800000000E+00
    5.2483658044E+00    4.4100000000E+00
    5.2179406291E+00    4.4400000000E+00
    5.2269079372E+00    4.4700000000E+00
    5.0490399756E+00    4.5000000000E+00
    5.0285891581E+00    4.5300000000E+00
    5.0701417038E+00    4.5600000000E+00
    5.1481119491E+00    4.5900000000E+00
    5.1081026683E+00    4.6200000000E+00
    5.0284553904E+00    4.6500000000E+00
    5.0415287902E+00    4.6800000000E+00
    5.1269107790E+00    4.7100000000E+00
    5.0141934564E+00    4.7400000000E+00
    5.0142344413E+00    4.8000000000E+00
    5.0142944641E+00    4.8600000000E+00
    5.0143712722E+00    4.9200000000E+00
    5.0144569625E+00    4.9500000000E+00
    5.0145357242E+00    4.9800000000E+00
    5.0292130970E+00    5.0100000000E+00
    5.0146275423E+00    5.0400000000E+00
    5.0349562720E+00    5.2200000000E+00
    5.0380666415E+00    5.2500000000E+00
    5.0207810869E+00    5.2800000000E+00
    5.0444873429E+00    5.3100000000E+00
    5.0704460071E+00    5.3400000000E+00
    5.0199721923E+00    5.4000000000E+00
    5.1611979250E+00    5.4300000000E+00
    5.0524897928E+00    5.4600000000E+00
    5.0857920001E+00    5.4900000000E+00
    5.1245261099E+00    5.5200000000E+00
    5.0678747942E+00    5.5500000000E+00
