     #     T [K]    \rho(delta_nk) [meV]
    1.5000443101E+00    1.4700000000E+00
    1.5000285557E+00    1.5000000000E+00
    1.5000030858E+00    1.5900000000E+00
    1.5007838261E+00    1.6200000000E+00
    1.5001478026E+00    1.6800000000E+00
    1.5024143461E+00    1.7100000000E+00
    1.5064037358E+00    1.7700000000E+00
    1.5012431311E+00    1.8000000000E+00
    1.5000020863E+00    1.8300000000E+00
    1.5027198188E+00    1.8600000000E+00
    1.5602021089E+00    1.8900000000E+00
    1.5000406126E+00    1.9200000000E+00
    1.5001403510E+00    1.9500000000E+00
    1.5005770305E+00    1.9800000000E+00
    1.6227043288E+00    2.0400000000E+00
    1.5038082249E+00    2.0700000000E+00
    1.5089776632E+00    2.1000000000E+00
    1.6216796915E+00    2.1600000000E+00
    1.5625916344E+00    2.1900000000E+00
    1.5077847361E+00    2.2200000000E+00
    1.6992389368E+00    2.2500000000E+00
    1.8820615384E+00    2.2800000000E+00
    1.5535379625E+00    2.3100000000E+00
    1.5067994499E+00    2.3400000000E+00
    1.5000011290E+00    2.3700000000E+00
    1.5901078148E+00    2.4000000000E+00
    1.5586014954E+00    2.4300000000E+00
    1.6166940363E+00    2.4600000000E+00
    1.6124848061E+00    2.4900000000E+00
    1.6148778501E+00    2.5200000000E+00
    1.5058861133E+00    2.5500000000E+00
    1.6074977067E+00    2.6100000000E+00
    1.5095766823E+00    2.6400000000E+00
    1.6896264020E+00    2.6700000000E+00
    1.5965136472E+00    2.7000000000E+00
    1.8759538590E+00    2.7300000000E+00
    2.5000000000E+00    2.7600000000E+00
    2.0594333329E+00    2.7900000000E+00
    1.7401310569E+00    2.8200000000E+00
    2.1996268099E+00    2.8500000000E+00
    1.8067346184E+00    2.8800000000E+00
    1.9008656215E+00    2.9100000000E+00
    1.5292912456E+00    2.9400000000E+00
    2.4195094292E+00    2.9700000000E+00
    1.7667491410E+00    3.0000000000E+00
    1.5974935711E+00    3.0300000000E+00
    1.5002507098E+00    3.0600000000E+00
    1.5358588245E+00    3.0900000000E+00
    1.6027433773E+00    3.1200000000E+00
    1.6546947737E+00    3.1500000000E+00
    1.5983457205E+00    3.1800000000E+00
    1.5589094460E+00    3.2100000000E+00
    1.6226405249E+00    3.2400000000E+00
    1.5147679056E+00    3.2700000000E+00
    1.7113428572E+00    3.3000000000E+00
    1.5389128423E+00    3.3300000000E+00
    1.8356877960E+00    3.3600000000E+00
    1.7658667148E+00    3.3900000000E+00
    2.1568059583E+00    3.4200000000E+00
    1.8745692752E+00    3.4500000000E+00
    2.0937709999E+00    3.4800000000E+00
    1.9773764116E+00    3.5100000000E+00
    1.8736260759E+00    3.5400000000E+00
    1.7891359955E+00    3.5700000000E+00
    1.5396739754E+00    3.6000000000E+00
    2.0720202988E+00    3.6300000000E+00
    2.0487690688E+00    3.6600000000E+00
    1.9922474748E+00    3.6900000000E+00
    1.6420038007E+00    3.7200000000E+00
    1.5806186304E+00    3.7500000000E+00
    1.5950335032E+00    3.7800000000E+00
    1.6729264037E+00    3.8100000000E+00
    1.6098226942E+00    3.8400000000E+00
    1.8507681924E+00    3.8700000000E+00
    1.7201324318E+00    3.9000000000E+00
    1.7973326955E+00    3.9300000000E+00
    1.5961557904E+00    3.9600000000E+00
    1.7413157270E+00    3.9900000000E+00
    1.8628324222E+00    4.0200000000E+00
    1.6242178047E+00    4.0500000000E+00
    1.5130389184E+00    4.0800000000E+00
    1.6513619489E+00    4.1100000000E+00
    1.5166134914E+00    4.1400000000E+00
    1.5799056517E+00    4.1700000000E+00
    1.6194767897E+00    4.2000000000E+00
    1.6393568704E+00    4.2300000000E+00
    1.5160321925E+00    4.2600000000E+00
    1.7263574974E+00    4.2900000000E+00
    1.8234019070E+00    4.3200000000E+00
    1.6421423770E+00    4.3500000000E+00
    2.3418668174E+00    4.3800000000E+00
    1.6831681346E+00    4.4100000000E+00
    1.9085657946E+00    4.4400000000E+00
    1.7552977337E+00    4.4700000000E+00
    1.5468651962E+00    4.5000000000E+00
    1.5603367900E+00    4.5300000000E+00
    1.5609984213E+00    4.5600000000E+00
    1.6552610649E+00    4.5900000000E+00
    1.6231532725E+00    4.6200000000E+00
    1.6024442231E+00    4.6500000000E+00
    1.5506529796E+00    4.6800000000E+00
    1.5881686286E+00    4.7100000000E+00
    1.5841823810E+00    4.7400000000E+00
    1.5173684340E+00    4.8000000000E+00
    1.5174416720E+00    4.8600000000E+00
    1.5175353910E+00    4.9200000000E+00
    1.5176399476E+00    4.9800000000E+00
    1.5355412772E+00    5.0100000000E+00
    1.5356877929E+00    5.0400000000E+00
    1.5215155311E+00    5.2200000000E+00
    1.5436709099E+00    5.2500000000E+00
    1.5492703580E+00    5.2800000000E+00
    1.5542821079E+00    5.3100000000E+00
    1.5859560834E+00    5.3400000000E+00
    1.6901327075E+00    5.4300000000E+00
    1.5949720352E+00    5.4600000000E+00
    1.5325129244E+00    5.4900000000E+00
    1.6484262881E+00    5.5200000000E+00
    1.6585033403E+00    5.5500000000E+00
