     #     T [K]    \rho(delta_nk) [meV]
    2.1500014291E+01    4.8000000000E-01
    2.1500393955E+01    5.1000000000E-01
    2.1502833583E+01    5.4000000000E-01
    2.1503637963E+01    5.7000000000E-01
    2.1530205954E+01    6.0000000000E-01
    2.1501376599E+01    6.3000000000E-01
    2.1560711089E+01    6.6000000000E-01
    2.1554779607E+01    6.9000000000E-01
    2.1578029953E+01    7.2000000000E-01
    2.1527488740E+01    7.5000000000E-01
    2.1575018296E+01    7.8000000000E-01
    2.1612116058E+01    8.1000000000E-01
    2.1700609951E+01    8.4000000000E-01
    2.2500000000E+01    8.7000000000E-01
    2.2175925915E+01    9.0000000000E-01
    2.2126565971E+01    9.3000000000E-01
    2.1634552340E+01    9.6000000000E-01
    2.1561638878E+01    9.9000000000E-01
    2.1563375232E+01    1.0200000000E+00
    2.1758946772E+01    1.0500000000E+00
    2.1866423026E+01    1.0800000000E+00
    2.1720901428E+01    1.1100000000E+00
    2.1702252156E+01    1.1400000000E+00
    2.1538167990E+01    1.1700000000E+00
    2.1518633969E+01    1.2000000000E+00
    2.1519549615E+01    1.2300000000E+00
    2.1587266896E+01    1.2600000000E+00
    2.1616653330E+01    1.2900000000E+00
    2.1680408041E+01    1.3200000000E+00
    2.1589541295E+01    1.3500000000E+00
    2.1659285352E+01    1.3800000000E+00
    2.1657926781E+01    1.4100000000E+00
    2.1500001011E+01    1.4400000000E+00
    2.1502895266E+01    1.4700000000E+00
    2.1500078985E+01    1.5000000000E+00
    2.1500023674E+01    1.5300000000E+00
    2.1541893911E+01    1.5600000000E+00
    2.1500948472E+01    1.5900000000E+00
    2.1543437800E+01    1.6200000000E+00
    2.1501162600E+01    1.6500000000E+00
    2.1504214791E+01    1.6800000000E+00
    2.1500041063E+01    1.7100000000E+00
    2.1518619105E+01    1.7400000000E+00
    2.1516623505E+01    1.7700000000E+00
    2.1530068833E+01    1.8000000000E+00
    2.1503601676E+01    1.8300000000E+00
    2.1608149004E+01    1.8600000000E+00
    2.1741858343E+01    1.8900000000E+00
    2.2003156329E+01    1.9200000000E+00
    2.1975062215E+01    1.9500000000E+00
    2.1908930390E+01    1.9800000000E+00
    2.1601423722E+01    2.0100000000E+00
    2.1682650920E+01    2.0400000000E+00
    2.1507565183E+01    2.0700000000E+00
    2.1524115593E+01    2.1000000000E+00
    2.1602005313E+01    2.1300000000E+00
    2.1565319742E+01    2.1600000000E+00
    2.1595010927E+01    2.1900000000E+00
    2.1935376139E+01    2.2200000000E+00
    2.1534656290E+01    2.2500000000E+00
    2.1515303491E+01    2.2800000000E+00
    2.1799601291E+01    2.3100000000E+00
    2.1887305339E+01    2.3400000000E+00
    2.1674267498E+01    2.3700000000E+00
    2.1682178748E+01    2.4000000000E+00
    2.1654161079E+01    2.4300000000E+00
    2.1525860884E+01    2.4600000000E+00
    2.1505004844E+01    2.4900000000E+00
    2.1505094587E+01    2.5200000000E+00
    2.1509275973E+01    2.5500000000E+00
    2.1517325198E+01    2.5800000000E+00
    2.1508692390E+01    2.6100000000E+00
    2.1508729044E+01    2.6400000000E+00
    2.1508775947E+01    2.6700000000E+00
    2.1508828275E+01    2.7000000000E+00
    2.1535648054E+01    2.7300000000E+00
    2.1510767890E+01    2.8200000000E+00
    2.1533824212E+01    2.8500000000E+00
    2.1554655101E+01    2.8800000000E+00
    2.1528220147E+01    2.9100000000E+00
    2.1612327998E+01    2.9400000000E+00
    2.1603465620E+01    2.9700000000E+00
    2.1596773930E+01    3.0000000000E+00
