     #     T [K]    \rho(delta_nk) [meV]
    6.5000402330E+00    1.4700000000E+00
    6.5000259282E+00    1.5000000000E+00
    6.5000028019E+00    1.5900000000E+00
    6.5007117043E+00    1.6200000000E+00
    6.5001342029E+00    1.6800000000E+00
    6.5021921963E+00    1.7100000000E+00
    6.5057977726E+00    1.7400000000E+00
    6.5011454875E+00    1.7700000000E+00
    6.5000018943E+00    1.8000000000E+00
    6.5024721458E+00    1.8600000000E+00
    6.5546601824E+00    1.8900000000E+00
    6.5000368757E+00    1.9200000000E+00
    6.5001275434E+00    1.9500000000E+00
    6.5005238301E+00    1.9800000000E+00
    6.6130985614E+00    2.0400000000E+00
    6.5017732647E+00    2.0700000000E+00
    6.5081516066E+00    2.1000000000E+00
    6.6255828737E+00    2.1600000000E+00
    6.5417331995E+00    2.1900000000E+00
    6.6150783802E+00    2.2200000000E+00
    6.6972172918E+00    2.2500000000E+00
    6.7225865795E+00    2.2800000000E+00
    6.5486116017E+00    2.3100000000E+00
    6.5061738159E+00    2.3400000000E+00
    6.5009507274E+00    2.3700000000E+00
    6.5808670733E+00    2.4000000000E+00
    6.6591648661E+00    2.4300000000E+00
    6.5000015622E+00    2.4600000000E+00
    6.7042848750E+00    2.4900000000E+00
    6.5063889215E+00    2.5200000000E+00
    6.5011129220E+00    2.5500000000E+00
    6.5708158032E+00    2.5800000000E+00
    6.5267912956E+00    2.6100000000E+00
    6.5688660426E+00    2.6400000000E+00
    6.6120160215E+00    2.6700000000E+00
    6.7964144767E+00    2.7000000000E+00
    6.8429971526E+00    2.7300000000E+00
    7.5000000000E+00    2.7600000000E+00
    6.7055209050E+00    2.7900000000E+00
    6.8448467198E+00    2.8200000000E+00
    7.2866277357E+00    2.8500000000E+00
    6.7088156962E+00    2.8800000000E+00
    6.6725956310E+00    2.9100000000E+00
    7.1987620278E+00    2.9400000000E+00
    6.8414340152E+00    2.9700000000E+00
    6.6216698736E+00    3.0000000000E+00
    6.5134736602E+00    3.0300000000E+00
    6.5000539523E+00    3.0600000000E+00
    6.6231951545E+00    3.0900000000E+00
    6.5101830300E+00    3.1200000000E+00
    6.7062340563E+00    3.1500000000E+00
    6.5669252695E+00    3.1800000000E+00
    6.6135982033E+00    3.2100000000E+00
    6.5004339967E+00    3.2400000000E+00
    6.5132474323E+00    3.2700000000E+00
    6.7026343216E+00    3.3000000000E+00
    6.5920659590E+00    3.3300000000E+00
    6.8455809022E+00    3.3600000000E+00
    6.8308663177E+00    3.3900000000E+00
    7.0212433674E+00    3.4200000000E+00
    6.8911363207E+00    3.4500000000E+00
    7.0601339953E+00    3.4800000000E+00
    6.8643898723E+00    3.5100000000E+00
    6.8899698821E+00    3.5400000000E+00
    6.5862561231E+00    3.5700000000E+00
    6.8374620793E+00    3.6000000000E+00
    6.9049866671E+00    3.6300000000E+00
    7.1397489793E+00    3.6600000000E+00
    6.6659788923E+00    3.6900000000E+00
    6.6218013806E+00    3.7200000000E+00
    6.5780818556E+00    3.7500000000E+00
    6.5783765589E+00    3.7800000000E+00
    6.6560894889E+00    3.8100000000E+00
    6.7140086146E+00    3.8400000000E+00
    6.8243529827E+00    3.8700000000E+00
    6.6537709252E+00    3.9000000000E+00
    6.6983609811E+00    3.9300000000E+00
    6.6589761340E+00    3.9600000000E+00
    6.7099546040E+00    3.9900000000E+00
    6.8408508073E+00    4.0200000000E+00
    6.5118396816E+00    4.0500000000E+00
    6.6255991352E+00    4.0800000000E+00
    6.5269207581E+00    4.1100000000E+00
    6.5133382204E+00    4.1400000000E+00
    6.6643915100E+00    4.1700000000E+00
    6.5306351935E+00    4.2000000000E+00
    6.6137631918E+00    4.2300000000E+00
    6.6825906269E+00    4.2600000000E+00
    6.7136991881E+00    4.2900000000E+00
    6.7319449600E+00    4.3200000000E+00
    7.0261827164E+00    4.3500000000E+00
    6.8835864835E+00    4.3800000000E+00
    6.8919258978E+00    4.4100000000E+00
    6.5029085104E+00    4.4400000000E+00
    6.7714516737E+00    4.4700000000E+00
    6.5313952680E+00    4.5000000000E+00
    6.5787754020E+00    4.5300000000E+00
    6.5879837860E+00    4.5600000000E+00
    6.6345443254E+00    4.5900000000E+00
    6.5925375360E+00    4.6200000000E+00
    6.5765852913E+00    4.6500000000E+00
    6.5436785674E+00    4.6800000000E+00
    6.5972454610E+00    4.7100000000E+00
    6.5157249150E+00    4.7400000000E+00
    6.5157703222E+00    4.8000000000E+00
    6.5158368214E+00    4.8300000000E+00
    6.5159219170E+00    4.8900000000E+00
    6.5160168531E+00    4.9500000000E+00
    6.5161041132E+00    4.9800000000E+00
    6.5485709970E+00    5.0100000000E+00
    6.5591884781E+00    5.2200000000E+00
    6.5217135288E+00    5.2500000000E+00
    6.5472105711E+00    5.2800000000E+00
    6.6031473070E+00    5.3100000000E+00
    6.6726381349E+00    5.4000000000E+00
    6.5550785133E+00    5.4300000000E+00
    6.5606762452E+00    5.4600000000E+00
    6.5987646501E+00    5.4900000000E+00
    6.6799236370E+00    5.5200000000E+00
