     #     T [K]    \rho(delta_nk) [meV]
    1.1000037689E+01    1.4100000000E+00
    1.1000024399E+01    1.4400000000E+00
    1.1000002629E+01    1.5300000000E+00
    1.1000667886E+01    1.5600000000E+00
    1.1000125940E+01    1.6200000000E+00
    1.1002057227E+01    1.6500000000E+00
    1.1005440844E+01    1.6800000000E+00
    1.1001074932E+01    1.7100000000E+00
    1.1000001778E+01    1.7400000000E+00
    1.1002317516E+01    1.7700000000E+00
    1.1000002425E+01    1.8000000000E+00
    1.1051329465E+01    1.8300000000E+00
    1.1000119591E+01    1.8600000000E+00
    1.1000491679E+01    1.8900000000E+00
    1.1103631698E+01    1.9500000000E+00
    1.1001961603E+01    1.9800000000E+00
    1.1002206136E+01    2.0100000000E+00
    1.1007649679E+01    2.0400000000E+00
    1.1089110054E+01    2.0700000000E+00
    1.1016620748E+01    2.1000000000E+00
    1.1057920866E+01    2.1300000000E+00
    1.1125438295E+01    2.1600000000E+00
    1.1163179139E+01    2.1900000000E+00
    1.1252315028E+01    2.2200000000E+00
    1.1003439907E+01    2.2500000000E+00
    1.1003245992E+01    2.2800000000E+00
    1.1125656047E+01    2.3100000000E+00
    1.1000166839E+01    2.3400000000E+00
    1.1099431963E+01    2.3700000000E+00
    1.1097271718E+01    2.4000000000E+00
    1.1097463498E+01    2.4300000000E+00
    1.1016552006E+01    2.4600000000E+00
    1.1079056252E+01    2.4900000000E+00
    1.1003232537E+01    2.5200000000E+00
    1.1164996753E+01    2.5500000000E+00
    1.1176943297E+01    2.5800000000E+00
    1.1227151789E+01    2.6100000000E+00
    1.2000000000E+01    2.6400000000E+00
    1.1328778934E+01    2.6700000000E+00
    1.1220586163E+01    2.7000000000E+00
    1.1766244463E+01    2.7300000000E+00
    1.1235487749E+01    2.7600000000E+00
    1.1196901241E+01    2.7900000000E+00
    1.1655923561E+01    2.8200000000E+00
    1.1356609224E+01    2.8500000000E+00
    1.1072199954E+01    2.8800000000E+00
    1.1017819510E+01    2.9100000000E+00
    1.1001000119E+01    2.9400000000E+00
    1.1086629642E+01    2.9700000000E+00
    1.1134506367E+01    3.0000000000E+00
    1.1089917655E+01    3.0300000000E+00
    1.1022574522E+01    3.0600000000E+00
    1.1151463815E+01    3.0900000000E+00
    1.1015230487E+01    3.1200000000E+00
    1.1008899397E+01    3.1500000000E+00
    1.1026699052E+01    3.1800000000E+00
    1.1180095341E+01    3.2100000000E+00
    1.1171914658E+01    3.2400000000E+00
    1.1267177301E+01    3.2700000000E+00
    1.1329232301E+01    3.3000000000E+00
    1.1605139066E+01    3.3300000000E+00
    1.1352551915E+01    3.3600000000E+00
    1.1433639848E+01    3.3900000000E+00
    1.1268273343E+01    3.4200000000E+00
    1.1877114577E+01    3.4500000000E+00
    1.1522679395E+01    3.4800000000E+00
    1.1084615096E+01    3.5100000000E+00
    1.1492026404E+01    3.5400000000E+00
    1.1079375297E+01    3.5700000000E+00
    1.1029590137E+01    3.6000000000E+00
    1.1101745534E+01    3.6300000000E+00
    1.1208617459E+01    3.6600000000E+00
    1.1306346098E+01    3.6900000000E+00
    1.1070661167E+01    3.7200000000E+00
    1.1147769217E+01    3.7500000000E+00
    1.1089320397E+01    3.7800000000E+00
    1.1177837253E+01    3.8100000000E+00
    1.1112750973E+01    3.8400000000E+00
    1.1195778519E+01    3.8700000000E+00
    1.1316158919E+01    3.9000000000E+00
    1.1011114494E+01    3.9300000000E+00
    1.1140055041E+01    3.9600000000E+00
    1.1089830699E+01    3.9900000000E+00
    1.1086333422E+01    4.0200000000E+00
    1.1000061566E+01    4.0500000000E+00
    1.1042934548E+01    4.0800000000E+00
    1.1096629105E+01    4.1100000000E+00
    1.1189879697E+01    4.1400000000E+00
    1.1587888477E+01    4.1700000000E+00
    1.1448072777E+01    4.2000000000E+00
    1.1242818690E+01    4.2300000000E+00
    1.1154380879E+01    4.2600000000E+00
    1.1429025383E+01    4.2900000000E+00
    1.1034382199E+01    4.3200000000E+00
    1.1093860056E+01    4.3500000000E+00
    1.1089522517E+01    4.3800000000E+00
    1.1203318843E+01    4.4100000000E+00
    1.1001691032E+01    4.4400000000E+00
    1.1068631555E+01    4.4700000000E+00
    1.1076883747E+01    4.5000000000E+00
    1.1007575402E+01    4.5300000000E+00
    1.1037039046E+01    4.5600000000E+00
    1.1014799374E+01    4.6200000000E+00
    1.1014861779E+01    4.6800000000E+00
    1.1014941635E+01    4.7400000000E+00
    1.1015030726E+01    4.7700000000E+00
    1.1015112614E+01    4.8000000000E+00
    1.1030372498E+01    4.8300000000E+00
    1.1015208076E+01    4.8600000000E+00
    1.1055544357E+01    5.0400000000E+00
    1.1020376668E+01    5.0700000000E+00
    1.1021605840E+01    5.1000000000E+00
    1.1119494790E+01    5.1300000000E+00
    1.1020764843E+01    5.1900000000E+00
    1.1141244292E+01    5.2200000000E+00
    1.1080924200E+01    5.2500000000E+00
    1.1059491065E+01    5.2800000000E+00
    1.1094684435E+01    5.3100000000E+00
    1.1135058241E+01    5.3400000000E+00
