     #     T [K]    \rho(delta_nk) [meV]
    1.5000023420E+01    1.2600000000E+00
    1.5000036341E+01    1.3200000000E+00
    1.5000002531E+01    1.3500000000E+00
    1.5000643064E+01    1.3800000000E+00
    1.5000121220E+01    1.4100000000E+00
    1.5001980118E+01    1.4400000000E+00
    1.5005236910E+01    1.4700000000E+00
    1.5001036353E+01    1.5000000000E+00
    1.5002232984E+01    1.5600000000E+00
    1.5049474523E+01    1.6200000000E+00
    1.5000496328E+01    1.6500000000E+00
    1.5001805164E+01    1.7100000000E+00
    1.5099486868E+01    1.7400000000E+00
    1.5088031651E+01    1.8300000000E+00
    1.5002843296E+01    1.8600000000E+00
    1.5112696789E+01    1.8900000000E+00
    1.5023273406E+01    1.9200000000E+00
    1.5072224429E+01    1.9500000000E+00
    1.5035724697E+01    1.9800000000E+00
    1.5003241981E+01    2.0100000000E+00
    1.5275628172E+01    2.0400000000E+00
    1.5199336613E+01    2.0700000000E+00
    1.5003765789E+01    2.1000000000E+00
    1.5093386562E+01    2.1300000000E+00
    1.5012435912E+01    2.1600000000E+00
    1.5077580141E+01    2.1900000000E+00
    1.5100260492E+01    2.2200000000E+00
    1.5257662429E+01    2.2500000000E+00
    1.5263403723E+01    2.2800000000E+00
    1.5410431654E+01    2.3100000000E+00
    1.5917038445E+01    2.3400000000E+00
    1.5216706112E+01    2.3700000000E+00
    1.5667636615E+01    2.4000000000E+00
    1.5398003100E+01    2.4300000000E+00
    1.5035335626E+01    2.4600000000E+00
    1.6000000000E+01    2.4900000000E+00
    1.5091035281E+01    2.5200000000E+00
    1.5011136737E+01    2.5500000000E+00
    1.5072944756E+01    2.5800000000E+00
    1.5096019825E+01    2.6100000000E+00
    1.5126882680E+01    2.6400000000E+00
    1.5048440451E+01    2.6700000000E+00
    1.5110155576E+01    2.7000000000E+00
    1.5008037979E+01    2.7300000000E+00
    1.5027117919E+01    2.7600000000E+00
    1.5035461256E+01    2.7900000000E+00
    1.5041773418E+01    2.8200000000E+00
    1.5048930456E+01    2.8500000000E+00
    1.5058489740E+01    2.8800000000E+00
    1.5008934675E+01    2.9100000000E+00
    1.5232790084E+01    2.9400000000E+00
    1.5786393080E+01    2.9700000000E+00
    1.5351428941E+01    3.0000000000E+00
    1.5262265789E+01    3.0300000000E+00
    1.5564635742E+01    3.0600000000E+00
    1.5543214813E+01    3.0900000000E+00
    1.5763288577E+01    3.1200000000E+00
    1.5548563688E+01    3.1500000000E+00
    1.5467060166E+01    3.1800000000E+00
    1.5074453754E+01    3.2100000000E+00
    1.5171918236E+01    3.2400000000E+00
    1.5241306741E+01    3.2700000000E+00
    1.5032544976E+01    3.3000000000E+00
    1.5022855270E+01    3.3300000000E+00
    1.5011823275E+01    3.3600000000E+00
    1.5049868419E+01    3.3900000000E+00
    1.5097214041E+01    3.4200000000E+00
    1.5124060023E+01    3.4500000000E+00
    1.5095435509E+01    3.4800000000E+00
    1.5189524836E+01    3.5100000000E+00
    1.5216421657E+01    3.5400000000E+00
    1.5172289580E+01    3.5700000000E+00
    1.5279301050E+01    3.6000000000E+00
    1.5219513848E+01    3.6300000000E+00
    1.5045390043E+01    3.6600000000E+00
    1.5019400566E+01    3.6900000000E+00
    1.5069263674E+01    3.7200000000E+00
    1.5088821101E+01    3.7500000000E+00
    1.5331071468E+01    3.7800000000E+00
    1.5799134584E+01    3.8100000000E+00
    1.5414825189E+01    3.8400000000E+00
    1.5161458149E+01    3.8700000000E+00
    1.5100569382E+01    3.9000000000E+00
    1.5405733125E+01    3.9300000000E+00
    1.5020856448E+01    3.9600000000E+00
    1.5049528725E+01    3.9900000000E+00
    1.5026523289E+01    4.0200000000E+00
    1.5002870459E+01    4.0500000000E+00
    1.5002194615E+01    4.0800000000E+00
    1.5008162003E+01    4.1100000000E+00
    1.5007291460E+01    4.1400000000E+00
    1.5035650744E+01    4.1700000000E+00
    1.5014244662E+01    4.2300000000E+00
    1.5014304728E+01    4.2900000000E+00
    1.5014381591E+01    4.3500000000E+00
    1.5014467343E+01    4.3800000000E+00
    1.5029149057E+01    4.4100000000E+00
    1.5029269221E+01    4.4400000000E+00
    1.5017645889E+01    4.5900000000E+00
    1.5035816547E+01    4.6200000000E+00
    1.5019612908E+01    4.6500000000E+00
    1.5042643302E+01    4.6800000000E+00
    1.5093168578E+01    4.7100000000E+00
    1.5155936689E+01    4.7700000000E+00
    1.5077890989E+01    4.8000000000E+00
    1.5026665364E+01    4.8300000000E+00
    1.5152914898E+01    4.8600000000E+00
    1.5098812385E+01    4.8900000000E+00
