     #     T [K]    \rho(delta_nk) [meV]
    5.5000363145E+00    1.4700000000E+00
    5.5000234029E+00    1.5000000000E+00
    5.5000025290E+00    1.5900000000E+00
    5.5006423872E+00    1.6200000000E+00
    5.5001211321E+00    1.6800000000E+00
    5.5019786852E+00    1.7100000000E+00
    5.5052330930E+00    1.7400000000E+00
    5.5010339217E+00    1.7700000000E+00
    5.5000017098E+00    1.8300000000E+00
    5.5022290364E+00    1.8600000000E+00
    5.5493388341E+00    1.8900000000E+00
    5.5000332842E+00    1.9200000000E+00
    5.5001150251E+00    1.9500000000E+00
    5.5004729073E+00    1.9800000000E+00
    5.6005627316E+00    2.0400000000E+00
    5.5031210431E+00    2.0700000000E+00
    5.5073576731E+00    2.1000000000E+00
    5.5997230466E+00    2.1600000000E+00
    5.5512971177E+00    2.1900000000E+00
    5.5063800616E+00    2.2200000000E+00
    5.7754992748E+00    2.2500000000E+00
    5.7009075468E+00    2.2800000000E+00
    5.5438770283E+00    2.3100000000E+00
    5.5055725112E+00    2.3400000000E+00
    5.5000010389E+00    2.3700000000E+00
    5.5738480389E+00    2.4000000000E+00
    5.5480270461E+00    2.4300000000E+00
    5.5956372158E+00    2.4600000000E+00
    5.5921873773E+00    2.4900000000E+00
    5.5979676246E+00    2.5200000000E+00
    5.5010045467E+00    2.5500000000E+00
    5.5642274191E+00    2.5800000000E+00
    5.5238731295E+00    2.6100000000E+00
    5.5621587820E+00    2.6400000000E+00
    5.6010987408E+00    2.6700000000E+00
    5.7675522786E+00    2.7000000000E+00
    5.7121946611E+00    2.7300000000E+00
    6.5000000000E+00    2.7600000000E+00
    5.6855040000E+00    2.7900000000E+00
    5.7121764944E+00    2.8200000000E+00
    6.2771222437E+00    2.8500000000E+00
    5.6295386688E+00    2.8800000000E+00
    5.7317559008E+00    2.9100000000E+00
    5.7321927236E+00    2.9400000000E+00
    6.2216359494E+00    2.9700000000E+00
    5.5567165665E+00    3.0000000000E+00
    5.5652645336E+00    3.0300000000E+00
    5.5000477588E+00    3.0600000000E+00
    5.6111820550E+00    3.0900000000E+00
    5.5092065725E+00    3.1200000000E+00
    5.6608124609E+00    3.1500000000E+00
    5.5397345874E+00    3.1800000000E+00
    5.5482770976E+00    3.2100000000E+00
    5.6006564912E+00    3.2400000000E+00
    5.5119571641E+00    3.2700000000E+00
    5.6810421119E+00    3.3000000000E+00
    5.5829636119E+00    3.3300000000E+00
    5.8109911229E+00    3.3600000000E+00
    5.6240371208E+00    3.3900000000E+00
    6.1480040870E+00    3.4200000000E+00
    5.7923133227E+00    3.4500000000E+00
    6.0663075590E+00    3.4800000000E+00
    5.7901139427E+00    3.5100000000E+00
    5.8106410843E+00    3.5400000000E+00
    5.6579878160E+00    3.5700000000E+00
    5.7790273387E+00    3.6000000000E+00
    5.8088874101E+00    3.6300000000E+00
    6.1596616568E+00    3.6600000000E+00
    5.6498140707E+00    3.6900000000E+00
    5.6099369377E+00    3.7200000000E+00
    5.5704784796E+00    3.7500000000E+00
    5.5707429990E+00    3.7800000000E+00
    5.6404000038E+00    3.8100000000E+00
    5.7124716019E+00    3.8400000000E+00
    5.7738182967E+00    3.8700000000E+00
    5.6388894625E+00    3.9000000000E+00
    5.7035339022E+00    3.9300000000E+00
    5.6090590607E+00    3.9600000000E+00
    5.6901722235E+00    3.9900000000E+00
    5.8169454577E+00    4.0200000000E+00
    5.5106982702E+00    4.0500000000E+00
    5.6133121636E+00    4.0800000000E+00
    5.5214277184E+00    4.1100000000E+00
    5.5135849667E+00    4.1400000000E+00
    5.6280879110E+00    4.1700000000E+00
    5.5295737214E+00    4.2000000000E+00
    5.6224327313E+00    4.2300000000E+00
    5.5991277853E+00    4.2600000000E+00
    5.5863842378E+00    4.2900000000E+00
    5.7828792719E+00    4.3200000000E+00
    5.8990552896E+00    4.3500000000E+00
    5.9082122663E+00    4.3800000000E+00
    5.7674788615E+00    4.4100000000E+00
    5.7014500289E+00    4.4400000000E+00
    5.7424184009E+00    4.4700000000E+00
    5.5309026356E+00    4.5000000000E+00
    5.5285890787E+00    4.5300000000E+00
    5.6058878063E+00    4.5600000000E+00
    5.6123644563E+00    4.5900000000E+00
    5.6081020247E+00    4.6200000000E+00
    5.5592298469E+00    4.6500000000E+00
    5.5426036089E+00    4.6800000000E+00
    5.5950603315E+00    4.7100000000E+00
    5.5141933719E+00    4.7400000000E+00
    5.5142343566E+00    4.8000000000E+00
    5.5142943790E+00    4.8600000000E+00
    5.5143711867E+00    4.9200000000E+00
    5.5144568764E+00    4.9500000000E+00
    5.5145356377E+00    4.9800000000E+00
    5.5292129230E+00    5.0100000000E+00
    5.5146274552E+00    5.0400000000E+00
    5.5349560638E+00    5.2200000000E+00
    5.5380664148E+00    5.2500000000E+00
    5.5207809632E+00    5.2800000000E+00
    5.5677148704E+00    5.3100000000E+00
    5.5472177952E+00    5.3400000000E+00
    5.5606422258E+00    5.4000000000E+00
    5.6205268128E+00    5.4300000000E+00
    5.5791355531E+00    5.4600000000E+00
    5.5591454164E+00    5.4900000000E+00
    5.6245253685E+00    5.5200000000E+00
    5.5678743901E+00    5.5500000000E+00
