     #     T [K]    \rho(delta_nk) [meV]
    1.5500024077E+01    1.2300000000E+00
    1.5500037295E+01    1.2900000000E+00
    1.5500002668E+01    1.3200000000E+00
    1.5500661108E+01    1.3500000000E+00
    1.5500124621E+01    1.3800000000E+00
    1.5502035680E+01    1.4100000000E+00
    1.5505383858E+01    1.4400000000E+00
    1.5501065433E+01    1.4700000000E+00
    1.5502293242E+01    1.5000000000E+00
    1.5500002400E+01    1.5300000000E+00
    1.5550768168E+01    1.5600000000E+00
    1.5500118437E+01    1.5900000000E+00
    1.5500486430E+01    1.6200000000E+00
    1.5501855817E+01    1.6800000000E+00
    1.5602278476E+01    1.7100000000E+00
    1.5500003576E+01    1.7700000000E+00
    1.5590205433E+01    1.8000000000E+00
    1.5509853323E+01    1.8300000000E+00
    1.5626482148E+01    1.8600000000E+00
    1.5507335720E+01    1.8900000000E+00
    1.5573581343E+01    1.9200000000E+00
    1.5536727134E+01    1.9500000000E+00
    1.5645821737E+01    1.9800000000E+00
    1.5640873719E+01    2.0100000000E+00
    1.5707813674E+01    2.0400000000E+00
    1.5596784143E+01    2.0700000000E+00
    1.5512969735E+01    2.1000000000E+00
    1.5553356241E+01    2.1300000000E+00
    1.5527921152E+01    2.1600000000E+00
    1.5864806132E+01    2.1900000000E+00
    1.5590862194E+01    2.2200000000E+00
    1.5999949750E+01    2.2500000000E+00
    1.6361891597E+01    2.2800000000E+00
    1.5890968729E+01    2.3100000000E+00
    1.6042924071E+01    2.3400000000E+00
    1.5966325992E+01    2.3700000000E+00
    1.5638904708E+01    2.4000000000E+00
    1.6409441782E+01    2.4300000000E+00
    1.5710669146E+01    2.4600000000E+00
    1.5512912102E+01    2.4900000000E+00
    1.5574852903E+01    2.5200000000E+00
    1.5598715471E+01    2.5500000000E+00
    1.5628707019E+01    2.5800000000E+00
    1.5551755458E+01    2.6100000000E+00
    1.5620335975E+01    2.6400000000E+00
    1.5501183098E+01    2.6700000000E+00
    1.5533232482E+01    2.7000000000E+00
    1.5544022278E+01    2.7300000000E+00
    1.5509404300E+01    2.7600000000E+00
    1.5568990467E+01    2.7900000000E+00
    1.5562058075E+01    2.8200000000E+00
    1.5509221708E+01    2.8500000000E+00
    1.5974508648E+01    2.8800000000E+00
    1.6151456151E+01    2.9100000000E+00
    1.5603691205E+01    2.9400000000E+00
    1.5904565757E+01    2.9700000000E+00
    1.5867150159E+01    3.0000000000E+00
    1.6500000000E+01    3.0300000000E+00
    1.5999250880E+01    3.0600000000E+00
    1.6200238731E+01    3.0900000000E+00
    1.5905199667E+01    3.1200000000E+00
    1.5616918545E+01    3.1500000000E+00
    1.5551200723E+01    3.1800000000E+00
    1.5876991525E+01    3.2100000000E+00
    1.5541290899E+01    3.2400000000E+00
    1.5512816242E+01    3.2700000000E+00
    1.5515542362E+01    3.3000000000E+00
    1.5575145354E+01    3.3300000000E+00
    1.5616823138E+01    3.3600000000E+00
    1.5600153225E+01    3.3900000000E+00
    1.5598510307E+01    3.4200000000E+00
    1.5695500289E+01    3.4500000000E+00
    1.5601239713E+01    3.4800000000E+00
    1.5720760895E+01    3.5100000000E+00
    1.5861992890E+01    3.5400000000E+00
    1.5746933920E+01    3.5700000000E+00
    1.5529763205E+01    3.6000000000E+00
    1.5568182291E+01    3.6300000000E+00
    1.5587753891E+01    3.6600000000E+00
    1.5582277917E+01    3.6900000000E+00
    1.6199253150E+01    3.7200000000E+00
    1.6106423748E+01    3.7500000000E+00
    1.5775268382E+01    3.7800000000E+00
    1.5701123133E+01    3.8100000000E+00
    1.5715488850E+01    3.8400000000E+00
    1.5701632561E+01    3.8700000000E+00
    1.5532984831E+01    3.9000000000E+00
    1.5547243842E+01    3.9300000000E+00
    1.5519425280E+01    3.9600000000E+00
    1.5504199237E+01    3.9900000000E+00
    1.5501844682E+01    4.0200000000E+00
    1.5507528076E+01    4.0500000000E+00
    1.5514958810E+01    4.0800000000E+00
    1.5529188355E+01    4.1100000000E+00
    1.5514644368E+01    4.1700000000E+00
    1.5514706119E+01    4.2000000000E+00
    1.5514785139E+01    4.2600000000E+00
    1.5514873297E+01    4.2900000000E+00
    1.5514954327E+01    4.3200000000E+00
    1.5530054382E+01    4.3500000000E+00
    1.5515048789E+01    4.3800000000E+00
    1.5554962596E+01    4.5300000000E+00
    1.5520163247E+01    4.5600000000E+00
    1.5521379545E+01    4.5900000000E+00
    1.5618243225E+01    4.6200000000E+00
    1.5660312282E+01    4.6800000000E+00
    1.5551146070E+01    4.7100000000E+00
    1.5587798512E+01    4.7400000000E+00
    1.5593692728E+01    4.7700000000E+00
    1.5633643667E+01    4.8000000000E+00
