     #     T [K]    \rho(delta_nk) [meV]
    2.0000443101E+00    1.4700000000E+00
    2.0000285557E+00    1.5000000000E+00
    2.0000030858E+00    1.5900000000E+00
    2.0007838261E+00    1.6200000000E+00
    2.0001478026E+00    1.6800000000E+00
    2.0024143461E+00    1.7100000000E+00
    2.0064037358E+00    1.7700000000E+00
    2.0012431311E+00    1.8000000000E+00
    2.0000020863E+00    1.8300000000E+00
    2.0027198188E+00    1.8600000000E+00
    2.0602021089E+00    1.8900000000E+00
    2.0000406126E+00    1.9200000000E+00
    2.0001403510E+00    1.9500000000E+00
    2.0005770305E+00    1.9800000000E+00
    2.1227043288E+00    2.0400000000E+00
    2.0038082249E+00    2.0700000000E+00
    2.0089776632E+00    2.1000000000E+00
    2.1216796915E+00    2.1600000000E+00
    2.0625916344E+00    2.1900000000E+00
    2.0077847361E+00    2.2200000000E+00
    2.1992389368E+00    2.2500000000E+00
    2.3820615384E+00    2.2800000000E+00
    2.0535379625E+00    2.3100000000E+00
    2.0067994499E+00    2.3400000000E+00
    2.0000011290E+00    2.3700000000E+00
    2.0901078148E+00    2.4000000000E+00
    2.0586014954E+00    2.4300000000E+00
    2.1166943278E+00    2.4600000000E+00
    2.1124845146E+00    2.4900000000E+00
    2.1148778501E+00    2.5200000000E+00
    2.0058861133E+00    2.5500000000E+00
    2.1074977067E+00    2.6100000000E+00
    2.0118087055E+00    2.6400000000E+00
    2.1873943788E+00    2.6700000000E+00
    2.1111386953E+00    2.7000000000E+00
    2.3613288109E+00    2.7300000000E+00
    3.0000000000E+00    2.7600000000E+00
    2.5594333329E+00    2.7900000000E+00
    2.2401310569E+00    2.8200000000E+00
    2.6996268099E+00    2.8500000000E+00
    2.3067346184E+00    2.8800000000E+00
    2.4008656215E+00    2.9100000000E+00
    2.0292912456E+00    2.9400000000E+00
    2.9767928498E+00    2.9700000000E+00
    2.2094657204E+00    3.0000000000E+00
    2.0975109437E+00    3.0300000000E+00
    2.0002333372E+00    3.0600000000E+00
    2.0358588245E+00    3.0900000000E+00
    2.1027433773E+00    3.1200000000E+00
    2.1546947737E+00    3.1500000000E+00
    2.0983457205E+00    3.1800000000E+00
    2.0589094460E+00    3.2100000000E+00
    2.1226405249E+00    3.2400000000E+00
    2.0147679056E+00    3.2700000000E+00
    2.2113428572E+00    3.3000000000E+00
    2.0389128423E+00    3.3300000000E+00
    2.3356877960E+00    3.3600000000E+00
    2.2658667148E+00    3.3900000000E+00
    2.6568059583E+00    3.4200000000E+00
    2.3786346570E+00    3.4500000000E+00
    2.6031387590E+00    3.4800000000E+00
    2.4639432708E+00    3.5100000000E+00
    2.3736260759E+00    3.5400000000E+00
    2.2891359955E+00    3.5700000000E+00
    2.0396739754E+00    3.6000000000E+00
    2.5720202988E+00    3.6300000000E+00
    2.5487690688E+00    3.6600000000E+00
    2.5435136191E+00    3.6900000000E+00
    2.0907376565E+00    3.7200000000E+00
    2.0933207698E+00    3.7500000000E+00
    2.0823313638E+00    3.7800000000E+00
    2.1729264037E+00    3.8100000000E+00
    2.1440472574E+00    3.8400000000E+00
    2.3276232661E+00    3.8700000000E+00
    2.2090527948E+00    3.9000000000E+00
    2.2973454979E+00    3.9300000000E+00
    2.0961429880E+00    3.9600000000E+00
    2.2413157270E+00    3.9900000000E+00
    2.3628325319E+00    4.0200000000E+00
    2.1242176950E+00    4.0500000000E+00
    2.0130389184E+00    4.0800000000E+00
    2.1513619489E+00    4.1100000000E+00
    2.0166134914E+00    4.1400000000E+00
    2.0928628047E+00    4.1700000000E+00
    2.1065196367E+00    4.2000000000E+00
    2.1393568704E+00    4.2300000000E+00
    2.0160321925E+00    4.2600000000E+00
    2.2263574974E+00    4.2900000000E+00
    2.3451627718E+00    4.3200000000E+00
    2.1203815122E+00    4.3500000000E+00
    2.8418668174E+00    4.3800000000E+00
    2.1831681346E+00    4.4100000000E+00
    2.4085657946E+00    4.4400000000E+00
    2.2552977337E+00    4.4700000000E+00
    2.0468651962E+00    4.5000000000E+00
    2.0603367900E+00    4.5300000000E+00
    2.0609984213E+00    4.5600000000E+00
    2.1552610649E+00    4.5900000000E+00
    2.1231532725E+00    4.6200000000E+00
    2.1024458511E+00    4.6500000000E+00
    2.0506513516E+00    4.6800000000E+00
    2.0881686286E+00    4.7100000000E+00
    2.0841823810E+00    4.7400000000E+00
    2.0173684340E+00    4.8000000000E+00
    2.0174416720E+00    4.8600000000E+00
    2.0175353910E+00    4.9200000000E+00
    2.0176399476E+00    4.9800000000E+00
    2.0355412772E+00    5.0100000000E+00
    2.0356877929E+00    5.0400000000E+00
    2.0215155311E+00    5.2200000000E+00
    2.0436709099E+00    5.2500000000E+00
    2.0492703580E+00    5.2800000000E+00
    2.0542821079E+00    5.3100000000E+00
    2.0859560834E+00    5.3400000000E+00
    2.1901327075E+00    5.4300000000E+00
    2.0949720352E+00    5.4600000000E+00
    2.0325129244E+00    5.4900000000E+00
    2.1484262881E+00    5.5200000000E+00
    2.1585033403E+00    5.5500000000E+00
