     #     T [K]    \rho(delta_nk) [meV]
    1.7500027999E+01    1.1400000000E+00
    1.7500028082E+01    1.1700000000E+00
    1.7500018390E+01    1.2000000000E+00
    1.7500768548E+01    1.2300000000E+00
    1.7500145175E+01    1.2600000000E+00
    1.7502367286E+01    1.2900000000E+00
    1.7506260871E+01    1.3200000000E+00
    1.7501238988E+01    1.3500000000E+00
    1.7502666804E+01    1.3800000000E+00
    1.7500002791E+01    1.4100000000E+00
    1.7559038141E+01    1.4400000000E+00
    1.7500137730E+01    1.4700000000E+00
    1.7500566410E+01    1.5000000000E+00
    1.7502158124E+01    1.5300000000E+00
    1.7618939314E+01    1.5600000000E+00
    1.7605244265E+01    1.6500000000E+00
    1.7632920142E+01    1.6800000000E+00
    1.7530494441E+01    1.7100000000E+00
    1.7555813783E+01    1.7400000000E+00
    1.7533073464E+01    1.7700000000E+00
    1.7546431979E+01    1.8000000000E+00
    1.7829674986E+01    1.8300000000E+00
    1.7741665074E+01    1.8600000000E+00
    1.7612550758E+01    1.8900000000E+00
    1.7514720149E+01    1.9200000000E+00
    1.7562410080E+01    1.9500000000E+00
    1.7646887493E+01    1.9800000000E+00
    1.7891180354E+01    2.0100000000E+00
    1.7737773416E+01    2.0400000000E+00
    1.8500000000E+01    2.0700000000E+00
    1.8196813853E+01    2.1000000000E+00
    1.8166787796E+01    2.1300000000E+00
    1.8051893480E+01    2.1600000000E+00
    1.7961117690E+01    2.1900000000E+00
    1.8461595985E+01    2.2200000000E+00
    1.7626209531E+01    2.2500000000E+00
    1.7513314278E+01    2.2800000000E+00
    1.7587171920E+01    2.3100000000E+00
    1.7694151250E+01    2.3400000000E+00
    1.7623745980E+01    2.3700000000E+00
    1.7623506568E+01    2.4000000000E+00
    1.7524281989E+01    2.4300000000E+00
    1.7527340256E+01    2.4600000000E+00
    1.7547534010E+01    2.4900000000E+00
    1.7547802838E+01    2.5200000000E+00
    1.7559566809E+01    2.5500000000E+00
    1.7570936035E+01    2.5800000000E+00
    1.7514845809E+01    2.6100000000E+00
    1.8374473697E+01    2.6400000000E+00
    1.8004039028E+01    2.6700000000E+00
    1.7925739013E+01    2.7000000000E+00
    1.8127652162E+01    2.7300000000E+00
    1.8329611078E+01    2.7600000000E+00
    1.8423537286E+01    2.7900000000E+00
    1.8246460550E+01    2.8200000000E+00
    1.7979632165E+01    2.8500000000E+00
    1.7623747082E+01    2.8800000000E+00
    1.7870614899E+01    2.9100000000E+00
    1.7616814436E+01    2.9400000000E+00
    1.7514143502E+01    2.9700000000E+00
    1.7518291663E+01    3.0000000000E+00
    1.7626113692E+01    3.0300000000E+00
    1.7673591561E+01    3.0600000000E+00
    1.7552489309E+01    3.0900000000E+00
    1.7742947750E+01    3.1200000000E+00
    1.7588674484E+01    3.1500000000E+00
    1.7829346280E+01    3.1800000000E+00
    1.8117156508E+01    3.2100000000E+00
    1.7559622426E+01    3.2400000000E+00
    1.7592130901E+01    3.2700000000E+00
    1.7555721703E+01    3.3000000000E+00
    1.7566283314E+01    3.3300000000E+00
    1.8196808113E+01    3.3600000000E+00
    1.8452903163E+01    3.3900000000E+00
    1.7755691788E+01    3.4200000000E+00
    1.7811220823E+01    3.4500000000E+00
    1.7775943013E+01    3.4800000000E+00
    1.7769760555E+01    3.5100000000E+00
    1.7563756240E+01    3.5400000000E+00
    1.7533859856E+01    3.5700000000E+00
    1.7502415644E+01    3.6000000000E+00
    1.7501346197E+01    3.6300000000E+00
    1.7509581511E+01    3.6600000000E+00
    1.7517395552E+01    3.6900000000E+00
    1.7533943045E+01    3.7200000000E+00
    1.7517029889E+01    3.7500000000E+00
    1.7517101699E+01    3.8100000000E+00
    1.7517193591E+01    3.8400000000E+00
    1.7517296110E+01    3.8700000000E+00
    1.7517390339E+01    3.9000000000E+00
    1.7534950145E+01    3.9300000000E+00
    1.7517500189E+01    3.9600000000E+00
    1.7541821200E+01    4.0800000000E+00
    1.7545542403E+01    4.1100000000E+00
    1.7524862205E+01    4.1400000000E+00
    1.7609321539E+01    4.1700000000E+00
    1.7528183131E+01    4.2000000000E+00
    1.7644365885E+01    4.2300000000E+00
    1.7635181598E+01    4.2600000000E+00
    1.7568457371E+01    4.2900000000E+00
    1.7724018867E+01    4.3200000000E+00
    1.7540349903E+01    4.3500000000E+00
