     #     T [K]    \rho(delta_nk) [meV]
    1.3000018155E+01    1.3500000000E+00
    1.3000028171E+01    1.3800000000E+00
    1.3000001962E+01    1.4400000000E+00
    1.3000498328E+01    1.4700000000E+00
    1.3000093952E+01    1.5300000000E+00
    1.3001534953E+01    1.5600000000E+00
    1.3004059562E+01    1.5900000000E+00
    1.3000802036E+01    1.6200000000E+00
    1.3000001326E+01    1.6500000000E+00
    1.3001729161E+01    1.6800000000E+00
    1.3000001809E+01    1.7100000000E+00
    1.3038280455E+01    1.7400000000E+00
    1.3000089305E+01    1.7700000000E+00
    1.3000385118E+01    1.8000000000E+00
    1.3078501940E+01    1.8600000000E+00
    1.3067396723E+01    1.9500000000E+00
    1.3004881151E+01    1.9800000000E+00
    1.3004895337E+01    2.0100000000E+00
    1.3091504440E+01    2.0400000000E+00
    1.3054658026E+01    2.0700000000E+00
    1.3036189657E+01    2.1000000000E+00
    1.3121752810E+01    2.1300000000E+00
    1.3154887655E+01    2.1600000000E+00
    1.3058845764E+01    2.1900000000E+00
    1.3037039951E+01    2.2200000000E+00
    1.3000502041E+01    2.2500000000E+00
    1.3072987283E+01    2.2800000000E+00
    1.3074189409E+01    2.3100000000E+00
    1.3114442858E+01    2.3400000000E+00
    1.3030258563E+01    2.3700000000E+00
    1.3044279987E+01    2.4000000000E+00
    1.3147860108E+01    2.4300000000E+00
    1.3141123734E+01    2.4600000000E+00
    1.3321097763E+01    2.4900000000E+00
    1.3703655546E+01    2.5200000000E+00
    1.3159232777E+01    2.5500000000E+00
    1.3389356738E+01    2.5800000000E+00
    1.3371043563E+01    2.6100000000E+00
    1.3142774029E+01    2.6400000000E+00
    1.3499499635E+01    2.6700000000E+00
    1.3322498600E+01    2.7000000000E+00
    1.3049881651E+01    2.7300000000E+00
    1.3000260860E+01    2.7600000000E+00
    1.3003060593E+01    2.7900000000E+00
    1.3067686557E+01    2.8200000000E+00
    1.3140378167E+01    2.8500000000E+00
    1.3001415595E+01    2.8800000000E+00
    1.3009366273E+01    2.9100000000E+00
    1.3110108634E+01    2.9400000000E+00
    1.3033118738E+01    2.9700000000E+00
    1.3037258162E+01    3.0000000000E+00
    1.3009014294E+01    3.0300000000E+00
    1.3011577782E+01    3.0600000000E+00
    1.3038431681E+01    3.0900000000E+00
    1.3142915861E+01    3.1200000000E+00
    1.3126709604E+01    3.1500000000E+00
    1.3189189717E+01    3.1800000000E+00
    1.3396869040E+01    3.2100000000E+00
    1.4000000000E+01    3.2400000000E+00
    1.3382564404E+01    3.2700000000E+00
    1.3332941455E+01    3.3000000000E+00
    1.3378881924E+01    3.3300000000E+00
    1.3129660441E+01    3.3600000000E+00
    1.3179052707E+01    3.3900000000E+00
    1.3340687418E+01    3.4200000000E+00
    1.3222483167E+01    3.4500000000E+00
    1.3078147531E+01    3.4800000000E+00
    1.3017173796E+01    3.5100000000E+00
    1.3009949383E+01    3.5400000000E+00
    1.3032773382E+01    3.5700000000E+00
    1.3075941438E+01    3.6000000000E+00
    1.3062542602E+01    3.6300000000E+00
    1.3069001875E+01    3.6600000000E+00
    1.3127205664E+01    3.6900000000E+00
    1.3113011314E+01    3.7200000000E+00
    1.3150506035E+01    3.7500000000E+00
    1.3248935885E+01    3.7800000000E+00
    1.3045971274E+01    3.8100000000E+00
    1.3085543980E+01    3.8400000000E+00
    1.3057505027E+01    3.8700000000E+00
    1.3025231754E+01    3.9000000000E+00
    1.3072811412E+01    3.9300000000E+00
    1.3004594121E+01    3.9600000000E+00
    1.3242758153E+01    3.9900000000E+00
    1.3439124458E+01    4.0200000000E+00
    1.3324698207E+01    4.0500000000E+00
    1.3231135297E+01    4.0800000000E+00
    1.3181800152E+01    4.1100000000E+00
    1.3359370249E+01    4.1400000000E+00
    1.3033511153E+01    4.1700000000E+00
    1.3065790653E+01    4.2000000000E+00
    1.3019906834E+01    4.2300000000E+00
    1.3031971404E+01    4.2600000000E+00
    1.3000756680E+01    4.2900000000E+00
    1.3003320600E+01    4.3200000000E+00
    1.3006289888E+01    4.3500000000E+00
    1.3005652214E+01    4.3800000000E+00
    1.3027635841E+01    4.4100000000E+00
    1.3011042216E+01    4.4700000000E+00
    1.3011088778E+01    4.5300000000E+00
    1.3011148361E+01    4.5900000000E+00
    1.3011214834E+01    4.6200000000E+00
    1.3011275933E+01    4.6500000000E+00
    1.3022661747E+01    4.6800000000E+00
    1.3011347159E+01    4.7100000000E+00
    1.3027116954E+01    4.8600000000E+00
    1.3014326203E+01    4.8900000000E+00
    1.3031324293E+01    4.9200000000E+00
    1.3016935645E+01    4.9500000000E+00
    1.3072222671E+01    4.9800000000E+00
    1.3120879426E+01    5.0400000000E+00
    1.3038565402E+01    5.0700000000E+00
    1.3042484876E+01    5.1000000000E+00
    1.3094364009E+01    5.1300000000E+00
    1.3100770631E+01    5.1600000000E+00
