     #     T [K]    \rho(delta_nk) [meV]
    1.3500024292E+01    1.3200000000E+00
    1.3500005077E+01    1.3500000000E+00
    1.3500032617E+01    1.3800000000E+00
    1.3500669424E+01    1.4400000000E+00
    1.3500125735E+01    1.5000000000E+00
    1.3502053879E+01    1.5300000000E+00
    1.3505431990E+01    1.5600000000E+00
    1.3501073183E+01    1.5900000000E+00
    1.3500001775E+01    1.6200000000E+00
    1.3502313744E+01    1.6500000000E+00
    1.3500002421E+01    1.6800000000E+00
    1.3551222041E+01    1.7100000000E+00
    1.3500119496E+01    1.7400000000E+00
    1.3500515316E+01    1.7700000000E+00
    1.3500270247E+01    1.8000000000E+00
    1.3604771075E+01    1.8300000000E+00
    1.3590181732E+01    1.9200000000E+00
    1.3506532378E+01    1.9500000000E+00
    1.3506623585E+01    1.9800000000E+00
    1.3622365305E+01    2.0100000000E+00
    1.3538286518E+01    2.0400000000E+00
    1.3583274309E+01    2.0700000000E+00
    1.3570400530E+01    2.1000000000E+00
    1.3800055279E+01    2.1300000000E+00
    1.3628011055E+01    2.1600000000E+00
    1.3500460205E+01    2.1900000000E+00
    1.3500217169E+01    2.2200000000E+00
    1.3597657039E+01    2.2500000000E+00
    1.3612142490E+01    2.2800000000E+00
    1.3649049776E+01    2.3100000000E+00
    1.3529251244E+01    2.3400000000E+00
    1.3665131350E+01    2.3700000000E+00
    1.3595013257E+01    2.4000000000E+00
    1.3706908455E+01    2.4300000000E+00
    1.4320614566E+01    2.4600000000E+00
    1.4040569091E+01    2.4900000000E+00
    1.3719368094E+01    2.5200000000E+00
    1.4270647560E+01    2.5500000000E+00
    1.3907378648E+01    2.5800000000E+00
    1.3536573902E+01    2.6100000000E+00
    1.4454424286E+01    2.6400000000E+00
    1.3679490263E+01    2.6700000000E+00
    1.3511696285E+01    2.7000000000E+00
    1.3502444971E+01    2.7300000000E+00
    1.3586367156E+01    2.7600000000E+00
    1.3624323340E+01    2.7900000000E+00
    1.3569792026E+01    2.8200000000E+00
    1.3501814472E+01    2.8500000000E+00
    1.3644242841E+01    2.8800000000E+00
    1.3515669912E+01    2.9100000000E+00
    1.3546087181E+01    2.9400000000E+00
    1.3556695553E+01    2.9700000000E+00
    1.3518271409E+01    3.0000000000E+00
    1.3504076659E+01    3.0300000000E+00
    1.3659501429E+01    3.0600000000E+00
    1.3581796634E+01    3.0900000000E+00
    1.3688171549E+01    3.1200000000E+00
    1.4161754509E+01    3.1500000000E+00
    1.4500000000E+01    3.1800000000E+00
    1.4047016651E+01    3.2100000000E+00
    1.4126650376E+01    3.2400000000E+00
    1.3951399256E+01    3.2700000000E+00
    1.3871792504E+01    3.3000000000E+00
    1.3813766811E+01    3.3300000000E+00
    1.3759081777E+01    3.3600000000E+00
    1.4027743331E+01    3.3900000000E+00
    1.3576650782E+01    3.4200000000E+00
    1.3520842637E+01    3.4500000000E+00
    1.3515697537E+01    3.4800000000E+00
    1.3544850985E+01    3.5100000000E+00
    1.3573495485E+01    3.5400000000E+00
    1.3528209267E+01    3.5700000000E+00
    1.3594693429E+01    3.6000000000E+00
    1.3592482236E+01    3.6300000000E+00
    1.3734711453E+01    3.6600000000E+00
    1.3720669930E+01    3.6900000000E+00
    1.3681460534E+01    3.7200000000E+00
    1.3725794647E+01    3.7500000000E+00
    1.3636185131E+01    3.7800000000E+00
    1.3617748218E+01    3.8100000000E+00
    1.3524801110E+01    3.8400000000E+00
    1.3582298516E+01    3.8700000000E+00
    1.3548425228E+01    3.9000000000E+00
    1.3616594809E+01    3.9300000000E+00
    1.3692972867E+01    3.9600000000E+00
    1.4453264814E+01    3.9900000000E+00
    1.3810859803E+01    4.0200000000E+00
    1.3817358728E+01    4.0500000000E+00
    1.3747177224E+01    4.0800000000E+00
    1.3808356459E+01    4.1100000000E+00
    1.3513550275E+01    4.1400000000E+00
    1.3534849473E+01    4.1700000000E+00
    1.3549637769E+01    4.2000000000E+00
    1.3501785582E+01    4.2300000000E+00
    1.3504443204E+01    4.2600000000E+00
    1.3508416329E+01    4.2900000000E+00
    1.3507563074E+01    4.3200000000E+00
    1.3522246023E+01    4.3500000000E+00
    1.3514732748E+01    4.3800000000E+00
    1.3514775290E+01    4.4100000000E+00
    1.3514837593E+01    4.4700000000E+00
    1.3514917320E+01    4.5300000000E+00
    1.3515006266E+01    4.5600000000E+00
    1.3515088020E+01    4.5900000000E+00
    1.3530323071E+01    4.6200000000E+00
    1.3515183327E+01    4.6500000000E+00
    1.3536284462E+01    4.8000000000E+00
    1.3519169504E+01    4.8300000000E+00
    1.3541914189E+01    4.8600000000E+00
    1.3546177674E+01    4.8900000000E+00
    1.3573122657E+01    4.9200000000E+00
    1.3661745490E+01    4.9800000000E+00
    1.3580792508E+01    5.0100000000E+00
    1.3559394252E+01    5.0400000000E+00
    1.3626569848E+01    5.0700000000E+00
    1.3602798956E+01    5.1000000000E+00
