       N       E                     dE             d eps       ncg     rms          rms(c)
DAV:   1     0.539780717009E+02    0.53978E+02   -0.17657E+04 59136   0.724E+02
DAV:   2    -0.928880088563E+02   -0.14687E+03   -0.13812E+03 82512   0.150E+02
