       N       E                     dE             d eps       ncg     rms          rms(c)
DAV:   1     0.535439414297E+02    0.53544E+02   -0.17635E+04 31104   0.723E+02
DAV:   2    -0.929059975823E+02   -0.14645E+03   -0.13779E+03 43536   0.150E+02
DAV:   3    -0.975832264734E+02   -0.46772E+01   -0.46546E+01 45216   0.240E+01
DAV:   4    -0.976104320956E+02   -0.27206E-01   -0.27204E-01 38640   0.210E+00
