    1   56   12
 10.811
    1    1  0.0150  0.0000  0.0000
 -0.475344480253  -0.124206871324   0.000000000000
  0.000219779915   0.000271795497   0.000000000000
  0.002897895232  -0.000299020965   0.000000000000
  0.000210251555   0.000246892477   0.000000000000
 -0.004311128582   0.031407936942   0.000000000000
 -0.001257911276  -0.002124885645   0.000000000000
 -0.003731834978   0.001567748557   0.000000000000
 -0.000362154290   0.000066040080   0.000000000000
  0.045610835079  -0.004789714794   0.000000000000
 -0.000551591977   0.001095103510   0.000000000000
  0.025078663675  -0.003025157289   0.000000000000
  0.001409850284   0.000141654106   0.000000000000
  0.001453982061  -0.006269499336   0.000000000000
 -0.000911873120  -0.001103282389   0.000000000000
  0.001488369808   0.009853636856   0.000000000000
  0.000465975537  -0.000114058774   0.000000000000
  0.038773212360   0.019175532932   0.000000000000
 -0.000146800203  -0.002640543342   0.000000000000
 -0.001924569744   0.001868825816   0.000000000000
  0.000333020403  -0.000975508333   0.000000000000
  0.001023172283  -0.002877599016   0.000000000000
 -0.004597555502   0.000031217553   0.000000000000
 -0.000914509653   0.001064563321   0.000000000000
  0.000383995538  -0.000246438601   0.000000000000
  0.007029068290   0.005939074387   0.000000000000
 -0.001530624219   0.000147504744   0.000000000000
  0.001405590824   0.002194788459   0.000000000000
  0.001574609603   0.001000806112   0.000000000000
 -0.000329239335  -0.004301826200   0.000000000000
 -0.000040914694  -0.001075070304   0.000000000000
 -0.000147420563  -0.000025711884   0.000000000000
  0.005531576066  -0.000286245296   0.000000000000
  0.064985836027   0.031900744923   0.041319771204
  0.000026917605   0.000270540763  -0.000303986947
 -0.002742768229   0.000347172239  -0.000309613068
 -0.000473231931  -0.000018339416  -0.000822118513
  0.000680801947   0.007846622670   0.007153923613
  0.000880259026  -0.000381532392   0.002031487774
 -0.000463253684  -0.000218751526  -0.001269022462
 -0.000817821944  -0.000482737218   0.000396925600
  0.064985836027   0.031900744923  -0.041319771204
  0.000026917605   0.000270540763   0.000303986947
 -0.002742768229   0.000347172239   0.000309613068
 -0.000473231931  -0.000018339416   0.000822118513
  0.000680801947   0.007846622670  -0.007153923613
  0.000880259026  -0.000381532392  -0.002031487774
 -0.000463253684  -0.000218751526   0.001269022462
 -0.000817821944  -0.000482737218  -0.000396925600
  0.125727685795   0.064944349985   0.000000000000
 -0.000822059757   0.000812119944   0.000000000000
 -0.000910528309   0.001545748629   0.000000000000
  0.000324226498  -0.000887701112   0.000000000000
  0.110823006552  -0.066889894699   0.000000000000
  0.001717247903  -0.000475748726   0.000000000000
  0.000013094191   0.000447175628   0.000000000000
  0.000186609368   0.000264822406   0.000000000000
    1    2  0.0000  0.0150  0.0000
 -0.123601510976  -0.392185359744   0.000000000000
  0.000240190316  -0.003610247985   0.000000000000
 -0.000323703396  -0.000966304268   0.000000000000
  0.000011960951  -0.000906907970   0.000000000000
  0.032745490581   0.086990675306   0.000000000000
 -0.002275317001   0.002535169156   0.000000000000
  0.000796630732  -0.000478671197   0.000000000000
  0.000267817473   0.001079648022   0.000000000000
  0.004031036624  -0.018392306942   0.000000000000
 -0.001138705376  -0.003453721484   0.000000000000
  0.002929918182  -0.006321823956   0.000000000000
  0.000179255570  -0.000984569326   0.000000000000
 -0.011188302899   0.004326134062   0.000000000000
 -0.000396338340  -0.001118012636   0.000000000000
  0.006965117100   0.003489757568   0.000000000000
  0.001588620671  -0.001275588441   0.000000000000
  0.051156084430   0.118620783015   0.000000000000
 -0.002603303414   0.001694583969   0.000000000000
 -0.000363396401   0.001342178856   0.000000000000
 -0.000069141516   0.000522136415   0.000000000000
 -0.006103855831  -0.008980664853   0.000000000000
 -0.001432856117   0.014384421682   0.000000000000
 -0.000047379076   0.001888210564   0.000000000000
  0.000780245526   0.000355175794   0.000000000000
 -0.001932078802   0.016886511546   0.000000000000
 -0.000069594409   0.000843347332   0.000000000000
  0.000247874358   0.000912284247   0.000000000000
  0.001116286076   0.001376206662   0.000000000000
  0.001374150506   0.003300365394   0.000000000000
 -0.002542396854   0.001329885797   0.000000000000
  0.001059557567   0.002551113883   0.000000000000
  0.003806178095  -0.000666936381   0.000000000000
  0.030390542876   0.022483609628   0.013409967087
  0.000455263833  -0.000223911491  -0.000034555019
  0.000415568258  -0.000088838115  -0.001050295628
 -0.000056477254  -0.000060695238  -0.000739199685
  0.008778781276   0.007170219221   0.004591673257
  0.002082199654  -0.001255790284   0.000865709151
 -0.001570119965   0.000493029007   0.001378329118
  0.000254198198   0.000521165749   0.001092404250
  0.030390542876   0.022483609628  -0.013409967087
  0.000455263833  -0.000223911491   0.000034555019
  0.000415568258  -0.000088838115   0.001050295628
 -0.000056477254  -0.000060695238   0.000739199685
  0.008778781276   0.007170219221  -0.004591673257
  0.002082199654  -0.001255790284  -0.000865709151
 -0.001570119965   0.000493029007  -0.001378329118
  0.000254198198   0.000521165749  -0.001092404250
  0.057926518660   0.052732772545   0.000000000000
 -0.000576340776   0.002091049882   0.000000000000
  0.002326169348   0.002003614496   0.000000000000
  0.001342611703   0.000606741191   0.000000000000
 -0.094636856369   0.060681307309   0.000000000000
 -0.000050920478   0.001101423525   0.000000000000
 -0.002519713990  -0.002564136372   0.000000000000
 -0.000519916201   0.000182176383   0.000000000000
    1    3  0.0000  0.0000  0.0150
  0.000339261814   0.000069908381  -0.083358159740
 -0.000667956472  -0.000296462238  -0.000002594102
  0.000612939814   0.000296528372   0.000353816312
 -0.000127724547  -0.000074357800  -0.000144288527
 -0.000591172680  -0.000248924935  -0.010708722773
  0.000515933503   0.000265691345   0.000072408286
 -0.000104809152  -0.000062289076  -0.003371452077
  0.000341764891   0.000167919439  -0.000025175116
 -0.000334781893   0.000172276935  -0.007266889059
  0.000675004989  -0.000305827801   0.000097171250
 -0.000633543950   0.000289141960  -0.000395753538
  0.000123518912  -0.000064598581  -0.000381879096
  0.000628036623  -0.000285045259   0.007609880567
 -0.000497470033   0.000240620959   0.000407611855
  0.000104703131  -0.000068339573   0.007582742835
 -0.000357910102   0.000162327132   0.000415859580
  0.000201671160  -0.000281178506  -0.015149948404
 -0.000392463742   0.000569383406  -0.000384127500
  0.000374737962  -0.000526515554  -0.000336266461
 -0.000078500553   0.000130188904  -0.000706730615
 -0.000364546256   0.000541969432   0.008323398202
  0.000321684313  -0.000496397808   0.001602705941
 -0.000053677885   0.000114814400   0.001536069095
  0.000205747103  -0.000313751536   0.000440828301
 -0.000229881386  -0.000317155954   0.002084786474
  0.000400819298   0.000567835200  -0.000367478301
 -0.000350385148  -0.000517137119  -0.000569176773
  0.000063974351   0.000125718030  -0.002144211370
  0.000373466614   0.000531519061   0.001094502930
 -0.000307472841  -0.000441198502  -0.000221405737
  0.000048156978   0.000134993286   0.002573333868
 -0.000195472770  -0.000303933032   0.003713268897
  0.037349646130   0.014169238666   0.039563527800
  0.000012119070  -0.000053998648  -0.000095999658
  0.000357074906  -0.000424567182   0.000172993103
  0.000472920589   0.000344012596   0.000053031793
  0.011113131724   0.016972697778   0.000671039234
  0.000225210337  -0.000773665200   0.000206561236
 -0.000614029950   0.001004406183  -0.000543058583
 -0.000180537597  -0.000281179294   0.000108237574
 -0.037340557830  -0.014324021621   0.039377993585
 -0.000036718697   0.000250004511   0.000073228406
 -0.000370396474   0.000239641550  -0.000150617237
 -0.000453831710  -0.000240519936   0.000214071117
 -0.011115111859  -0.016801240372   0.000957632101
 -0.000235659118   0.000633910783  -0.000113059592
  0.000594805194  -0.000903562385  -0.000344510401
  0.000187709123   0.000148859772  -0.000156618204
  0.000004190035  -0.000547432416   0.016432791695
 -0.000034090422   0.000455555901  -0.000058237739
  0.000018624585  -0.000111788575  -0.000613942561
  0.000037805474   0.000327891100  -0.000072401848
 -0.000059466102   0.000330770648  -0.008717832415
 -0.000009028670  -0.000625100569   0.000247470628
  0.000028366241   0.000558825909   0.000630896596
  0.000004172974  -0.000126462165  -0.000217321840
   17    1  0.0150  0.0000  0.0000
  0.039577297608   0.050981718895  -0.000000000000
 -0.000405387757  -0.002703033250  -0.000000000000
 -0.001956560274  -0.000254901770  -0.000000000000
  0.000371901771   0.000036458929  -0.000000000000
  0.000416646285  -0.007064854104  -0.000000000000
 -0.004294280615  -0.001252899746  -0.000000000000
  0.000068961157   0.000892041104  -0.000000000000
  0.000277410374   0.000605925865  -0.000000000000
  0.006285071563   0.001863714013  -0.000000000000
 -0.001275113854  -0.000130732701  -0.000000000000
  0.001412447648  -0.000241432818  -0.000000000000
  0.001534719293  -0.000906131479  -0.000000000000
  0.000418223133  -0.000846507777  -0.000000000000
  0.004357671546  -0.003393452138  -0.000000000000
 -0.001270570168  -0.001609795211  -0.000000000000
  0.000906368105   0.002169731282  -0.000000000000
 -0.368410937362   0.198402116101  -0.000000000000
  0.001001006586   0.000261893047  -0.000000000000
 -0.001835679940   0.000562305662  -0.000000000000
 -0.003361004349   0.001832031789  -0.000000000000
 -0.002371881611   0.000093218457  -0.000000000000
  0.109019440261  -0.106029612429  -0.000000000000
  0.004084771748  -0.003745457307  -0.000000000000
  0.001918964218   0.000419773040  -0.000000000000
  0.101824629678  -0.013406230343  -0.000000000000
  0.002078700789  -0.000013871746  -0.000000000000
 -0.000328903696   0.002096218401  -0.000000000000
 -0.001392376101   0.000062745074  -0.000000000000
  0.001446361277   0.003474022501  -0.000000000000
  0.006473650284  -0.007822140847  -0.000000000000
  0.000457400373  -0.002293967104  -0.000000000000
  0.007269831618   0.001624844904  -0.000000000000
  0.035345008870  -0.053374699565   0.021105885211
 -0.000520041581   0.000304362008  -0.000219417179
  0.001090833862  -0.000225756483  -0.000303313800
  0.001026951510  -0.000111385599  -0.000554242406
  0.001693967750  -0.000328803624  -0.000821382071
  0.003965582859   0.000561221529   0.003646017091
 -0.001361658702   0.000206765797   0.002168559523
 -0.001326465300  -0.001223216638   0.000954308371
  0.035345008870  -0.053374699565  -0.021105885211
 -0.000520041581   0.000304362008   0.000219417179
  0.001090833862  -0.000225756483   0.000303313800
  0.001026951510  -0.000111385599   0.000554242406
  0.001693967750  -0.000328803624   0.000821382071
  0.003965582859   0.000561221529  -0.003646017091
 -0.001361658702   0.000206765797  -0.002168559523
 -0.001326465300  -0.001223216638  -0.000954308371
  0.003873664777   0.009991199786  -0.000000000000
 -0.006348805003   0.006414343149  -0.000000000000
  0.003821364871  -0.004663965220  -0.000000000000
  0.001000136591  -0.000230320841  -0.000000000000
  0.014347102412  -0.017580038449  -0.000000000000
  0.002885579826   0.000450996800  -0.000000000000
 -0.001154849349  -0.000409684407  -0.000000000000
 -0.002551332249   0.000746756038  -0.000000000000
   17    2  0.0000  0.0150  0.0000
  0.018475160934   0.118998737866  -0.000000000000
 -0.002085320051   0.001993416298  -0.000000000000
  0.001436114061   0.001068425960  -0.000000000000
 -0.001125913836   0.000305217801  -0.000000000000
 -0.003086231048  -0.008159892853  -0.000000000000
 -0.000443775266   0.014129412405  -0.000000000000
  0.001236610346   0.001314007643  -0.000000000000
 -0.000679343389   0.000344116903  -0.000000000000
 -0.005131570480   0.017100057607  -0.000000000000
 -0.000689127780   0.001133096511  -0.000000000000
 -0.001797803469   0.000652852310  -0.000000000000
 -0.000846628252   0.001151935012  -0.000000000000
  0.000210594171   0.001885008759  -0.000000000000
  0.001901870239  -0.001223725441  -0.000000000000
  0.004146797703   0.004252823679  -0.000000000000
  0.000393844569   0.001529391590  -0.000000000000
  0.198277091689  -0.463534013862  -0.000000000000
  0.000404761966  -0.000086100663  -0.000000000000
  0.000291541700   0.000953000750  -0.000000000000
  0.001837018926  -0.000715460525  -0.000000000000
 -0.000502400477   0.000783831151  -0.000000000000
 -0.106050017000   0.135200543366  -0.000000000000
 -0.002865760695   0.000525664234  -0.000000000000
  0.000101046656  -0.001280201926  -0.000000000000
  0.013460905750   0.030976012521  -0.000000000000
 -0.000161943808  -0.002734730705  -0.000000000000
 -0.001818979094  -0.001434925332  -0.000000000000
 -0.000034188572  -0.000847255035  -0.000000000000
  0.001603374576   0.000875535679  -0.000000000000
 -0.000576325145   0.000713356427  -0.000000000000
 -0.003038516944   0.000663326415  -0.000000000000
  0.007081430398  -0.000236757559  -0.000000000000
 -0.051997943205   0.058761299913  -0.026882741069
 -0.000126638603   0.000255227130   0.000827034436
 -0.000014289785  -0.000365240370   0.000525134501
  0.000081097636   0.000352425098   0.001537484924
  0.000151199747  -0.001432072960  -0.000348557161
 -0.002604326340   0.002441219145  -0.007359263275
  0.000989820437  -0.000376841840  -0.002835421588
  0.000039335996  -0.000436654586   0.000323462962
 -0.051997943205   0.058761299913   0.026882741069
 -0.000126638603   0.000255227130  -0.000827034436
 -0.000014289785  -0.000365240370  -0.000525134501
  0.000081097636   0.000352425098  -0.001537484924
  0.000151199747  -0.001432072960   0.000348557161
 -0.002604326340   0.002441219145   0.007359263275
  0.000989820437  -0.000376841840   0.002835421588
  0.000039335996  -0.000436654586  -0.000323462962
  0.010435134806   0.007375631252  -0.000000000000
  0.003890027155   0.001521330713  -0.000000000000
 -0.002052461142   0.001749376761  -0.000000000000
  0.000254690131  -0.000642122919  -0.000000000000
 -0.024601396379   0.019486718648  -0.000000000000
 -0.001635395666  -0.001952681408  -0.000000000000
 -0.000491237781   0.000468358664  -0.000000000000
  0.001239808733  -0.002702041758  -0.000000000000
   17    3  0.0000  0.0000  0.0150
  0.000524882023   0.000290347462  -0.015143871683
 -0.000023789812  -0.000005899258  -0.000393231744
  0.000010556827   0.000016486104  -0.000343919971
 -0.000007854266  -0.000006818720  -0.000711083815
 -0.000016198534   0.000019004429   0.008312279196
 -0.000040956152  -0.000065805937   0.001634254591
  0.000368671746   0.000174678518   0.001517915466
  0.000207715455   0.000109155936   0.000429200934
 -0.000490872067   0.000225479921   0.002127138796
  0.000037320628  -0.000033689529  -0.000378612015
 -0.000028781997   0.000027575539  -0.000573066475
 -0.000002319180   0.000001205543  -0.002145570826
 -0.000019114986   0.000037636265   0.002575103992
  0.000014815112   0.000014107433   0.003713809692
 -0.000362007590   0.000182753356   0.001093742987
 -0.000193551453   0.000085578943  -0.000217525500
  0.000295232634  -0.000479476624  -0.109633489473
 -0.000029284665   0.000012648872   0.000923194698
  0.000003304174   0.000000492515   0.000157032749
 -0.000004978629  -0.000006183069  -0.001514664004
  0.000000221875   0.000023003804  -0.001663732999
 -0.000100659779   0.000086647471   0.028363690756
  0.000194134952  -0.000271748062   0.004946977091
  0.000138995433  -0.000179523507  -0.000550125863
 -0.000271143565  -0.000393199105   0.006674626176
  0.000027722012   0.000024121389   0.001046956110
 -0.000002700287  -0.000014797275   0.000661717801
  0.000006456954  -0.000011839238  -0.000528587493
  0.000008851079  -0.000001523844  -0.001184416803
  0.000027699169  -0.000014993161   0.001084358351
 -0.000193589826  -0.000272390899  -0.001193331409
 -0.000121108790  -0.000174515771   0.001072054059
  0.033895309413  -0.029016330196   0.043162849453
  0.000053639890   0.000494766717   0.000028746834
  0.000165657550   0.000088230418   0.000124257243
  0.000648657255  -0.000834601811   0.000378472007
  0.000794822317   0.000820607170   0.000308179865
  0.007429644225  -0.009906457315  -0.001929509821
 -0.000974910121   0.002287392715  -0.000967968659
 -0.000212702890  -0.000744512136  -0.000060859239
 -0.033920328578   0.028929031191   0.043027649439
 -0.000067841781  -0.000493975097   0.000042768374
 -0.000158102456  -0.000098780385   0.000005964209
 -0.000638890158   0.000828407185   0.000299847213
 -0.000790819488  -0.000784512127   0.000191657274
 -0.007394555425   0.009870803125  -0.001934081522
  0.001007742296  -0.002358889807  -0.001153887958
  0.000202047473   0.000694863889  -0.000205796331
  0.000013391315  -0.000047856082  -0.000121502519
 -0.000026301515  -0.000003893382   0.001488619627
 -0.000011673573   0.000300348891  -0.003592783647
  0.000008208784   0.000184667963   0.000675083682
 -0.000018948262   0.000405226051  -0.010070913236
 -0.000012145628  -0.000015025511   0.000174119642
  0.000018582072   0.000006557292  -0.000289419959
  0.000031848788  -0.000004588262   0.000259684657
   33    1  0.0150  0.0000  0.0000
  0.064672364038   0.030259448944   0.037382396431
 -0.000248300411   0.000279801564   0.000032309841
 -0.002118800791   0.000669780107   0.000363343958
 -0.000496352978  -0.000034250580   0.000467376993
  0.000625072899   0.008776539215   0.011123324454
  0.000857822755   0.002067464595   0.000230867704
 -0.000627579809  -0.001648639290  -0.000590411537
 -0.000604287003   0.000364870478  -0.000178601174
  0.065265644340  -0.030479077006  -0.037402462087
  0.000350090803  -0.000580630492  -0.000019458576
 -0.003323767853  -0.000122846060  -0.000352203577
 -0.000502363812   0.000023936263  -0.000458480792
 -0.000391311641   0.001538182162   0.000607596440
 -0.000779684240  -0.000290142872   0.000179481185
  0.000787361206  -0.008870713797  -0.011133184868
  0.000638087122  -0.001944840437  -0.000225992991
  0.035116768365  -0.051741658676   0.033825196385
 -0.000644868637   0.000088011118   0.000068486337
  0.001491807058  -0.000531710668   0.000163879778
  0.000989233586   0.000116315946   0.000650830789
  0.001666997137   0.000215007770   0.000798294237
  0.003937077456  -0.002604683414   0.007390642817
 -0.001444412341   0.001129357675  -0.000990082171
 -0.001171904946  -0.000190918525  -0.000210072725
  0.035473896284   0.052203020741  -0.033930245097
 -0.000321744311   0.000366738890  -0.000056226821
  0.000757287424  -0.000455150959  -0.000151211750
  0.000984936979  -0.000082053181  -0.000638530844
 -0.001325605208  -0.000921051168   0.001013517372
 -0.001294458373   0.000002450607   0.000223392196
  0.001808294007  -0.000011859502  -0.000780179115
  0.003777918655   0.002381249915  -0.007427060353
 -0.240617285631  -0.000023492900   0.000031976507
  0.000115117914   0.000041983405  -0.000141200422
 -0.000688315585  -0.000071907297   0.000119317434
 -0.000088210233   0.000008156538   0.000003909632
  0.002959807635   0.003512105457  -0.001460058693
  0.000834883223  -0.001140315237  -0.001656178216
  0.002947988465  -0.003452761251   0.001372158599
  0.000854569400   0.001093982263   0.001706067566
  0.004416646374   0.000072701575  -0.000024665540
 -0.000009860752   0.000042664700   0.000139040689
 -0.000477428777  -0.000071905590  -0.000121237799
  0.000331489721   0.000007542624   0.000000829149
 -0.000378166380   0.000485266430  -0.000734559391
 -0.000436698982   0.000260504457   0.000810903242
 -0.000383422636  -0.000441089586   0.000823009431
 -0.000407990367  -0.000301556317  -0.000875094064
 -0.000383329796  -0.000355628879   0.005596526145
  0.000731573107   0.000260146343   0.000564579283
 -0.000294395049   0.000169230198  -0.005600214923
  0.000797848400  -0.000073995937  -0.000556259070
  0.025460178993  -0.000272878293   0.000002067188
 -0.001378547794  -0.000277621679   0.000006928793
  0.001184644786   0.000547212344   0.000009755290
  0.001003686205   0.000009707270   0.000005866732
   33    2  0.0000  0.0150  0.0000
  0.032070872368   0.022551303789   0.014300270480
  0.001033435887   0.000121277538  -0.000152408413
 -0.000384187275  -0.000432471537  -0.000345307448
 -0.000264796650  -0.000178728444   0.000291586250
  0.008181946588   0.007492571325   0.016866367519
 -0.000778646440  -0.001480115496  -0.000705435235
  0.000221318678   0.000661983055   0.000938306916
 -0.001003659627   0.000293748130  -0.000216672465
 -0.032070872368   0.022551303789   0.014300270480
 -0.001033435887   0.000121277538  -0.000152408413
  0.000384187275  -0.000432471537  -0.000345307448
  0.000264796650  -0.000178728444   0.000291586250
 -0.000221318678   0.000661983055   0.000938306916
  0.001003659627   0.000293748130  -0.000216672465
 -0.008181946588   0.007492571325   0.016866367519
  0.000778646440  -0.001480115496  -0.000705435235
 -0.053310295682   0.058731083949  -0.029169833926
  0.000770124857  -0.000356941234   0.000487919201
 -0.000688791064   0.000222787073   0.000075420551
 -0.000227514054   0.000464080360  -0.000826118732
 -0.000134505843  -0.001773972816   0.000795851173
  0.000440206374   0.002656735205  -0.009907713694
  0.000529517069  -0.000714777699   0.002316094986
 -0.001535266007  -0.000085216169  -0.000729599914
  0.053310295682   0.058731083949  -0.029169833926
 -0.000770124857  -0.000356941234   0.000487919201
  0.000688791064   0.000222787073   0.000075420551
  0.000227514054   0.000464080360  -0.000826118732
 -0.000529517069  -0.000714777699   0.002316094986
  0.001535266007  -0.000085216169  -0.000729599914
  0.000134505843  -0.001773972816   0.000795851173
 -0.000440206374   0.002656735205  -0.009907713694
 -0.000000000000  -0.224398778708   0.012863157261
 -0.000000000000   0.000070881250  -0.000395817623
 -0.000000000000  -0.000131957900  -0.000664843140
 -0.000000000000   0.000003271023  -0.000334883525
  0.003503857583   0.004358747731  -0.000997676424
 -0.001131469784   0.001582865901   0.001350255086
 -0.003503857583   0.004358747731  -0.000997676424
  0.001131469784   0.001582865901   0.001350255086
 -0.000000000000  -0.013810552839  -0.001816570210
 -0.000000000000  -0.000567788399   0.000682118620
 -0.000000000000  -0.000198349516   0.000750102860
 -0.000000000000  -0.000002262505   0.000372708659
  0.000476284981  -0.002707922197  -0.000933279870
  0.000279497679   0.000328235481  -0.000667795823
 -0.000476284981  -0.002707922197  -0.000933279870
 -0.000279497679   0.000328235481  -0.000667795823
 -0.002664037754   0.004129098533  -0.001829954621
 -0.000888152616  -0.000356050046   0.000253564170
  0.002664037754   0.004129098533  -0.001829954621
  0.000888152616  -0.000356050046   0.000253564170
 -0.000000000000   0.046785036451   0.006302148476
 -0.000000000000   0.001455694051  -0.000625673873
 -0.000000000000  -0.000527400000   0.000014758020
 -0.000000000000   0.000305562235   0.000465114938
   33    3  0.0000  0.0000  0.0150
  0.041557658326   0.013279444962   0.039497215681
 -0.000316386884  -0.000044271895  -0.000013761033
 -0.000119139271  -0.000982592373   0.000029939404
 -0.000847317203  -0.000686475534   0.000137742487
  0.007338129364   0.004464745235   0.000865332672
  0.001911330049   0.000853458821   0.000075643933
 -0.001145997401   0.001544720722  -0.000430220948
  0.000586907661   0.001170478952  -0.000029005315
 -0.041557658326   0.013279444962   0.039497215681
  0.000316386884  -0.000044271895  -0.000013761033
  0.000119139271  -0.000982592373   0.000029939404
  0.000847317203  -0.000686475534   0.000137742487
  0.001145997401   0.001544720722  -0.000430220948
 -0.000586907661   0.001170478952  -0.000029005315
 -0.007338129364   0.004464745235   0.000865332672
 -0.001911330049   0.000853458821   0.000075643933
  0.021091264809  -0.026803719043   0.043113102114
 -0.000188096786   0.000715440665   0.000041896464
 -0.000307132894   0.000631824596   0.000076343167
 -0.000555608003   0.001515594606   0.000333479679
 -0.000659120186  -0.000432606047   0.000263720856
  0.003567544513  -0.007140882288  -0.001900621490
  0.002094501466  -0.003023175461  -0.001058525976
  0.001031110546   0.000314107940  -0.000120478916
 -0.021091264809  -0.026803719043   0.043113102114
  0.000188096786   0.000715440665   0.000041896464
  0.000307132894   0.000631824596   0.000076343167
  0.000555608003   0.001515594606   0.000333479679
 -0.002094501466  -0.003023175461  -0.001058525976
 -0.001031110546   0.000314107940  -0.000120478916
  0.000659120186  -0.000432606047   0.000263720856
 -0.003567544513  -0.007140882288  -0.001900621490
  0.000000000000   0.012780264878  -0.251777328070
  0.000000000000  -0.000543490269  -0.000796313670
  0.000000000000  -0.000481685537  -0.000169607689
  0.000000000000  -0.000396569931   0.000486462022
 -0.001424170630  -0.001224832605   0.002743712622
 -0.001656739912   0.001520817649   0.000479918758
  0.001424170630  -0.001224832605   0.002743712622
  0.001656739912   0.001520817649   0.000479918758
  0.000000000000   0.001775566217   0.070080766284
  0.000000000000  -0.000812900249   0.000632513176
  0.000000000000  -0.000562283853  -0.000179835449
  0.000000000000  -0.000377156327  -0.000622127919
  0.000788079868   0.000781662908  -0.002918159834
 -0.000794899910   0.000822893512  -0.001111554901
 -0.000788079868   0.000781662908  -0.002918159834
  0.000794899910   0.000822893512  -0.001111554901
 -0.002131425721  -0.000218010127  -0.001376253274
 -0.000859997516   0.000986524883   0.000087815972
  0.002131425721  -0.000218010127  -0.001376253274
  0.000859997516   0.000986524883   0.000087815972
  0.000000000000   0.012776466643   0.024716301343
  0.000000000000  -0.000285945535  -0.000132883392
  0.000000000000   0.000201775063   0.000032253619
  0.000000000000  -0.000164341259   0.000155235501
   49    1  0.0150  0.0000  0.0000
  0.125715427299   0.057868853189  -0.000000000000
 -0.000734786233  -0.000564353322  -0.000000000000
 -0.000929411442   0.002321438748  -0.000000000000
  0.000213945037   0.001349803154  -0.000000000000
  0.111404904234  -0.094526545653  -0.000000000000
  0.001459162442  -0.000180045153  -0.000000000000
 -0.000638774047  -0.002738383531  -0.000000000000
  0.000522869824  -0.000365027387  -0.000000000000
 -0.001008636648  -0.002308606942  -0.000000000000
  0.000206033004  -0.001295494634  -0.000000000000
  0.125624194801  -0.057790798785  -0.000000000000
 -0.000698187505   0.000537231941  -0.000000000000
  0.110109856340   0.095131980496  -0.000000000000
  0.001835310449  -0.000002635927  -0.000000000000
  0.000667961130   0.002159647146  -0.000000000000
 -0.000002522063   0.000604712152  -0.000000000000
  0.003908153788   0.010435815840  -0.000000000000
 -0.006307514916   0.003770533562  -0.000000000000
  0.003862809908  -0.002090073576  -0.000000000000
  0.000917947422   0.000380241921  -0.000000000000
  0.014820838594  -0.025132401081  -0.000000000000
  0.002712605439  -0.001366447264  -0.000000000000
 -0.001621700811   0.000007336935  -0.000000000000
 -0.002342007973   0.000939786744  -0.000000000000
  0.003859620229   0.002023719371  -0.000000000000
  0.000910277656  -0.000360370523  -0.000000000000
  0.003795549349  -0.010516990865  -0.000000000000
 -0.006261023679  -0.003755826823  -0.000000000000
  0.014007778556   0.024066362763  -0.000000000000
  0.002964800294   0.001695225745  -0.000000000000
 -0.000835285225   0.001041027824  -0.000000000000
 -0.002668224468  -0.001394323109  -0.000000000000
 -0.000371015304  -0.002712856843  -0.002155231167
  0.000798102995  -0.000955373984  -0.000801725120
 -0.000335965332   0.002710786016   0.002154093008
  0.000731861793   0.000949878576   0.000864234085
  0.025551733880  -0.000065451616   0.000140256705
 -0.001365492316   0.000021515531  -0.000015221699
  0.001162170313   0.000065487545  -0.000082193967
  0.000981260554  -0.000025862400   0.000023124553
 -0.000371015304  -0.002712856843   0.002155231167
  0.000798102995  -0.000955373984   0.000801725120
 -0.000335965332   0.002710786016  -0.002154093008
  0.000731861793   0.000949878576  -0.000864234085
  0.025551733880  -0.000065451616  -0.000140256705
 -0.001365492316   0.000021515531   0.000015221699
  0.001162170313   0.000065487545   0.000082193967
  0.000981260554  -0.000025862400  -0.000023124553
 -0.625805814400   0.000563184975  -0.000000000000
  0.001158254143  -0.000156259529  -0.000000000000
  0.002334751930  -0.000592793589  -0.000000000000
 -0.001017873352   0.000228679204  -0.000000000000
  0.031794888053  -0.004118803549  -0.000000000000
  0.000053591977  -0.000254090711  -0.000000000000
  0.031657123889   0.004172809790  -0.000000000000
  0.000047793810   0.000235634806  -0.000000000000
   49    2  0.0000  0.0150  0.0000
  0.065020136553   0.051671124616   0.000000000000
  0.000316781603   0.001965963504   0.000000000000
  0.001903178267   0.002884958303   0.000000000000
 -0.000115708990   0.000828992588   0.000000000000
 -0.065977116784   0.060509475061   0.000000000000
 -0.000583640323   0.001035984789   0.000000000000
  0.000568511925  -0.002445138567   0.000000000000
  0.000240993699   0.000413358214   0.000000000000
 -0.001903178267   0.002884958303   0.000000000000
  0.000115708990   0.000828992588   0.000000000000
 -0.065020136553   0.051671124616   0.000000000000
 -0.000316781603   0.001965963504   0.000000000000
  0.065977116784   0.060509475061   0.000000000000
  0.000583640323   0.001035984789   0.000000000000
 -0.000568511925  -0.002445138567   0.000000000000
 -0.000240993699   0.000413358214   0.000000000000
  0.010738162500   0.007351401529   0.000000000000
  0.005842509857   0.002308813110   0.000000000000
 -0.005366577811   0.001372445877   0.000000000000
  0.000337795444  -0.000941600949   0.000000000000
 -0.017762786127   0.019555899833   0.000000000000
  0.000598269248  -0.002372091160   0.000000000000
 -0.000317480507   0.000727274404   0.000000000000
  0.000694371766  -0.002591426041   0.000000000000
  0.005366577811   0.001372445877   0.000000000000
 -0.000337795444  -0.000941600949   0.000000000000
 -0.010738162500   0.007351401529   0.000000000000
 -0.005842509857   0.002308813110   0.000000000000
  0.017762786127   0.019555899833   0.000000000000
 -0.000598269248  -0.002372091160   0.000000000000
  0.000317480507   0.000727274404   0.000000000000
 -0.000694371766  -0.002591426041   0.000000000000
 -0.000265291618   0.003779774899  -0.000240510352
  0.000290465565   0.000029462473   0.001008724298
  0.000265291618   0.003779774899  -0.000240510352
 -0.000290465565   0.000029462473   0.001008724298
  0.000000000000   0.046446371985   0.012845337706
  0.000000000000   0.000763311743  -0.000275401737
  0.000000000000   0.000125608489   0.000188264738
  0.000000000000   0.000528978940  -0.000138327930
 -0.000265291618   0.003779774899   0.000240510352
  0.000290465565   0.000029462473  -0.001008724298
  0.000265291618   0.003779774899   0.000240510352
 -0.000290465565   0.000029462473  -0.001008724298
  0.000000000000   0.046446371985  -0.012845337706
  0.000000000000   0.000763311743   0.000275401737
  0.000000000000   0.000125608489  -0.000188264738
  0.000000000000   0.000528978940   0.000138327930
  0.000000000000  -0.388758628855   0.000000000000
  0.000000000000  -0.001617732192   0.000000000000
  0.000000000000   0.001653935933   0.000000000000
  0.000000000000  -0.000126764452   0.000000000000
 -0.004108123966  -0.003861748905   0.000000000000
 -0.000353799014   0.000528162675   0.000000000000
  0.004108123966  -0.003861748905   0.000000000000
  0.000353799014   0.000528162675   0.000000000000
   49    3  0.0000  0.0000  0.0150
  0.000042637544   0.000022200241   0.016440054191
  0.000029778691   0.000008766980  -0.000071440468
  0.000013895966   0.000015378475  -0.000606105191
  0.000033154544   0.000009352318  -0.000091004962
  0.000141397607   0.000121480433  -0.008691925765
  0.000017951104   0.000005424690   0.000237007380
  0.000060974785   0.000040949598   0.000613599028
 -0.000154460370  -0.000069998717  -0.000231183373
 -0.000013895966   0.000015378475  -0.000606105191
 -0.000033154544   0.000009352318  -0.000091004962
 -0.000042637544   0.000022200241   0.016440054191
 -0.000029778691   0.000008766980  -0.000071440468
 -0.000141397607   0.000121480433  -0.008691925765
 -0.000017951104   0.000005424690   0.000237007380
 -0.000060974785   0.000040949598   0.000613599028
  0.000154460370  -0.000069998717  -0.000231183373
  0.000008180375  -0.000009200998  -0.000109557025
  0.000018992914  -0.000030769649   0.001487029201
 -0.000005831562  -0.000011493220  -0.003593796281
  0.000013326717  -0.000028251218   0.000670502410
  0.000099793339  -0.000153238618  -0.010090599190
  0.000012324434  -0.000020300523   0.000175890389
  0.000029660116  -0.000036528197  -0.000297090505
 -0.000076450499   0.000097198231   0.000247033820
  0.000005831562  -0.000011493220  -0.003593796281
 -0.000013326717  -0.000028251218   0.000670502410
 -0.000008180375  -0.000009200998  -0.000109557025
 -0.000018992914  -0.000030769649   0.001487029201
 -0.000099793339  -0.000153238618  -0.010090599190
 -0.000012324434  -0.000020300523   0.000175890389
 -0.000029660116  -0.000036528197  -0.000297090505
  0.000076450499   0.000097198231   0.000247033820
  0.005604857950  -0.001826070942  -0.001379263920
  0.000566297178   0.000248846874   0.000084458152
 -0.005604857950  -0.001826070942  -0.001379263920
 -0.000566297178   0.000248846874   0.000084458152
  0.000000000000   0.006090681527   0.024819339013
  0.000000000000  -0.000617579430  -0.000136716258
  0.000000000000   0.000016916512   0.000030156334
  0.000000000000   0.000478684761   0.000110570505
 -0.005577868407   0.001827487302  -0.001421475224
 -0.000562705076  -0.000267592531   0.000078893121
  0.005577868407   0.001827487302  -0.001421475224
  0.000562705076  -0.000267592531   0.000078893121
  0.000000000000  -0.006081885753   0.024613783584
  0.000000000000   0.000619049480  -0.000140831199
  0.000000000000  -0.000027483575   0.000013444883
  0.000000000000  -0.000450629812   0.000195513787
  0.000000000000   0.000078297197  -0.049022079996
  0.000000000000   0.000014240507   0.000245126625
  0.000000000000   0.000051254897  -0.002119433213
  0.000000000000  -0.000148624337  -0.000706308912
  0.000026343758   0.000011523263   0.007606584335
  0.000015383815   0.000033375220  -0.000008892698
 -0.000026343758   0.000011523263   0.007606584335
 -0.000015383815   0.000033375220  -0.000008892698
