       N       E                     dE             d eps       ncg     rms          rms(c)
DAV:   1     0.755614237006E+01    0.75561E+01   -0.32814E+02  8400   0.335E+01
DAV:   2     0.701787645745E-01   -0.74860E+01   -0.74626E+01 16800   0.543E+00
DAV:   3    -0.558657701332E-01   -0.12604E+00   -0.10663E+00  8400   0.127E+00
DAV:   4    -0.582449484308E-01   -0.23792E-02   -0.23368E-02  9648   0.148E-01
