       N       E                     dE             d eps       ncg     rms          rms(c)
DAV:   1     0.538941321986E+02    0.53894E+02   -0.17641E+04215424   0.724E+02
DAV:   2    -0.928965972275E+02   -0.14679E+03   -0.13813E+03301152   0.150E+02
DAV:   3    -0.975877939504E+02   -0.46912E+01   -0.46678E+01313776   0.240E+01
DAV:   4    -0.976150594744E+02   -0.27266E-01   -0.27264E-01267024   0.210E+00
