       N       E                     dE             d eps       ncg     rms          rms(c)
DAV:   1     0.494477255594E+02    0.49448E+02   -0.17220E+04120960   0.700E+02
DAV:   2    -0.930847130123E+02   -0.14253E+03   -0.13425E+03169584   0.147E+02
DAV:   3    -0.975873041044E+02   -0.45026E+01   -0.44812E+01175344   0.234E+01
