       N       E                     dE             d eps       ncg     rms          rms(c)
DAV:   1     0.116204885044E+03    0.11620E+03   -0.23503E+04120960   0.108E+03
DAV:   2    -0.900044749988E+02   -0.20621E+03   -0.19195E+03163632   0.190E+02
DAV:   3    -0.976013165359E+02   -0.75968E+01   -0.75394E+01179928   0.322E+01
DAV:   4    -0.976472723679E+02   -0.45956E-01   -0.45953E-01138024   0.290E+00
