       N       E                     dE             d eps       ncg     rms          rms(c)
DAV:   1     0.116204885044E+03    0.11620E+03   -0.23503E+04120960   0.108E+03
DAV:   2    -0.900044749988E+02   -0.20621E+03   -0.19195E+03163632   0.190E+02
