       N       E                     dE             d eps       ncg     rms          rms(c)
DAV:   1     0.152064258399E+03    0.15206E+03   -0.26869E+04120960   0.131E+03
DAV:   2    -0.881356480689E+02   -0.24020E+03   -0.22209E+03160416   0.210E+02
DAV:   3    -0.975899695174E+02   -0.94543E+01   -0.93642E+01180888   0.367E+01
