       N       E                     dE             d eps       ncg     rms          rms(c)
DAV:   1     0.854004700648E+01    0.85400E+01   -0.36798E+02  8400   0.475E+01
DAV:   2     0.156861505958E+00   -0.83832E+01   -0.83410E+01 15936   0.612E+00
