       N       E                     dE             d eps       ncg     rms          rms(c)
DAV:   1     0.817060834414E+01    0.81706E+01   -0.35049E+02  8400   0.407E+01
DAV:   2     0.121483027132E+00   -0.80491E+01   -0.80115E+01 16272   0.588E+00
