       N       E                     dE             d eps       ncg     rms          rms(c)
DAV:   1    -0.794479257611E+01   -0.79448E+01   -0.11157E+04 16848   0.391E+02
DAV:   2    -0.937660469756E+02   -0.85821E+02   -0.81606E+02 24648   0.100E+02
DAV:   3    -0.960017362819E+02   -0.22357E+01   -0.22313E+01 22536   0.153E+01
