       N       E                     dE             d eps       ncg     rms          rms(c)
DAV:   1     0.148923633817E+03    0.14892E+03   -0.26587E+04120960   0.129E+03
DAV:   2    -0.883145222159E+02   -0.23724E+03   -0.21952E+03160896   0.208E+02
