Automatically generated mesh
     180
Reciprocal lattice
    0.02500000000000    0.02777777777778    0.00000000000000             2
   -0.02500000000000    0.02777777777778    0.00000000000000             2
    0.07500000000000    0.02777777777778    0.00000000000000             2
   -0.07500000000000    0.02777777777778    0.00000000000000             2
    0.12500000000000    0.02777777777778    0.00000000000000             2
   -0.12500000000000    0.02777777777778    0.00000000000000             2
    0.17500000000000    0.02777777777778    0.00000000000000             2
   -0.17500000000000    0.02777777777778    0.00000000000000             2
    0.22500000000000    0.02777777777778    0.00000000000000             2
   -0.22500000000000    0.02777777777778    0.00000000000000             2
    0.27500000000000    0.02777777777778    0.00000000000000             2
   -0.27500000000000    0.02777777777778    0.00000000000000             2
    0.32500000000000    0.02777777777778    0.00000000000000             2
   -0.32500000000000    0.02777777777778    0.00000000000000             2
    0.37500000000000    0.02777777777778    0.00000000000000             2
   -0.37500000000000    0.02777777777778    0.00000000000000             2
    0.42500000000000    0.02777777777778    0.00000000000000             2
   -0.42500000000000    0.02777777777778    0.00000000000000             2
    0.47500000000000    0.02777777777778    0.00000000000000             2
   -0.47500000000000    0.02777777777778    0.00000000000000             2
    0.02500000000000    0.08333333333334    0.00000000000000             2
   -0.02500000000000    0.08333333333334    0.00000000000000             2
    0.07500000000000    0.08333333333334    0.00000000000000             2
   -0.07500000000000    0.08333333333334    0.00000000000000             2
    0.12500000000000    0.08333333333334    0.00000000000000             2
   -0.12500000000000    0.08333333333334    0.00000000000000             2
    0.17500000000000    0.08333333333334    0.00000000000000             2
   -0.17500000000000    0.08333333333334    0.00000000000000             2
    0.22500000000000    0.08333333333334    0.00000000000000             2
   -0.22500000000000    0.08333333333334    0.00000000000000             2
    0.27500000000000    0.08333333333334    0.00000000000000             2
   -0.27500000000000    0.08333333333334    0.00000000000000             2
    0.32500000000000    0.08333333333334    0.00000000000000             2
   -0.32500000000000    0.08333333333334    0.00000000000000             2
    0.37500000000000    0.08333333333334    0.00000000000000             2
   -0.37500000000000    0.08333333333334    0.00000000000000             2
    0.42500000000000    0.08333333333334    0.00000000000000             2
   -0.42500000000000    0.08333333333334    0.00000000000000             2
    0.47500000000000    0.08333333333334    0.00000000000000             2
   -0.47500000000000    0.08333333333334    0.00000000000000             2
    0.02500000000000    0.13888888888889    0.00000000000000             2
   -0.02500000000000    0.13888888888889    0.00000000000000             2
    0.07500000000000    0.13888888888889    0.00000000000000             2
   -0.07500000000000    0.13888888888889    0.00000000000000             2
    0.12500000000000    0.13888888888889    0.00000000000000             2
   -0.12500000000000    0.13888888888889    0.00000000000000             2
    0.17500000000000    0.13888888888889    0.00000000000000             2
   -0.17500000000000    0.13888888888889    0.00000000000000             2
    0.22500000000000    0.13888888888889    0.00000000000000             2
   -0.22500000000000    0.13888888888889    0.00000000000000             2
    0.27500000000000    0.13888888888889    0.00000000000000             2
   -0.27500000000000    0.13888888888889    0.00000000000000             2
    0.32500000000000    0.13888888888889    0.00000000000000             2
   -0.32500000000000    0.13888888888889    0.00000000000000             2
    0.37500000000000    0.13888888888889    0.00000000000000             2
   -0.37500000000000    0.13888888888889    0.00000000000000             2
    0.42500000000000    0.13888888888889    0.00000000000000             2
   -0.42500000000000    0.13888888888889    0.00000000000000             2
    0.47500000000000    0.13888888888889    0.00000000000000             2
   -0.47500000000000    0.13888888888889    0.00000000000000             2
    0.02500000000000    0.19444444444444    0.00000000000000             2
   -0.02500000000000    0.19444444444444    0.00000000000000             2
    0.07500000000000    0.19444444444444    0.00000000000000             2
   -0.07500000000000    0.19444444444444    0.00000000000000             2
    0.12500000000000    0.19444444444444    0.00000000000000             2
   -0.12500000000000    0.19444444444444    0.00000000000000             2
    0.17500000000000    0.19444444444444    0.00000000000000             2
   -0.17500000000000    0.19444444444444    0.00000000000000             2
    0.22500000000000    0.19444444444444    0.00000000000000             2
   -0.22500000000000    0.19444444444444    0.00000000000000             2
    0.27500000000000    0.19444444444444    0.00000000000000             2
   -0.27500000000000    0.19444444444444    0.00000000000000             2
    0.32500000000000    0.19444444444444    0.00000000000000             2
   -0.32500000000000    0.19444444444444    0.00000000000000             2
    0.37500000000000    0.19444444444444    0.00000000000000             2
   -0.37500000000000    0.19444444444444    0.00000000000000             2
    0.42500000000000    0.19444444444444    0.00000000000000             2
   -0.42500000000000    0.19444444444444    0.00000000000000             2
    0.47500000000000    0.19444444444444    0.00000000000000             2
   -0.47500000000000    0.19444444444444    0.00000000000000             2
    0.02500000000000    0.25000000000000    0.00000000000000             2
   -0.02500000000000    0.25000000000000    0.00000000000000             2
    0.07500000000000    0.25000000000000    0.00000000000000             2
   -0.07500000000000    0.25000000000000    0.00000000000000             2
    0.12500000000000    0.25000000000000    0.00000000000000             2
   -0.12500000000000    0.25000000000000    0.00000000000000             2
    0.17500000000000    0.25000000000000    0.00000000000000             2
   -0.17500000000000    0.25000000000000    0.00000000000000             2
    0.22500000000000    0.25000000000000    0.00000000000000             2
   -0.22500000000000    0.25000000000000    0.00000000000000             2
    0.27500000000000    0.25000000000000    0.00000000000000             2
   -0.27500000000000    0.25000000000000    0.00000000000000             2
    0.32500000000000    0.25000000000000    0.00000000000000             2
   -0.32500000000000    0.25000000000000    0.00000000000000             2
    0.37500000000000    0.25000000000000    0.00000000000000             2
   -0.37500000000000    0.25000000000000    0.00000000000000             2
    0.42500000000000    0.25000000000000    0.00000000000000             2
   -0.42500000000000    0.25000000000000    0.00000000000000             2
    0.47500000000000    0.25000000000000    0.00000000000000             2
   -0.47500000000000    0.25000000000000    0.00000000000000             2
    0.02500000000000    0.30555555555556    0.00000000000000             2
   -0.02500000000000    0.30555555555556    0.00000000000000             2
    0.07500000000000    0.30555555555556    0.00000000000000             2
   -0.07500000000000    0.30555555555556    0.00000000000000             2
    0.12500000000000    0.30555555555556    0.00000000000000             2
   -0.12500000000000    0.30555555555556    0.00000000000000             2
    0.17500000000000    0.30555555555556    0.00000000000000             2
   -0.17500000000000    0.30555555555556    0.00000000000000             2
    0.22500000000000    0.30555555555556    0.00000000000000             2
   -0.22500000000000    0.30555555555556    0.00000000000000             2
    0.27500000000000    0.30555555555556    0.00000000000000             2
   -0.27500000000000    0.30555555555556    0.00000000000000             2
    0.32500000000000    0.30555555555556    0.00000000000000             2
   -0.32500000000000    0.30555555555556    0.00000000000000             2
    0.37500000000000    0.30555555555556    0.00000000000000             2
   -0.37500000000000    0.30555555555556    0.00000000000000             2
    0.42500000000000    0.30555555555556    0.00000000000000             2
   -0.42500000000000    0.30555555555556    0.00000000000000             2
    0.47500000000000    0.30555555555556    0.00000000000000             2
   -0.47500000000000    0.30555555555556    0.00000000000000             2
    0.02500000000000    0.36111111111112    0.00000000000000             2
   -0.02500000000000    0.36111111111112    0.00000000000000             2
    0.07500000000000    0.36111111111112    0.00000000000000             2
   -0.07500000000000    0.36111111111112    0.00000000000000             2
    0.12500000000000    0.36111111111112    0.00000000000000             2
   -0.12500000000000    0.36111111111112    0.00000000000000             2
    0.17500000000000    0.36111111111112    0.00000000000000             2
   -0.17500000000000    0.36111111111112    0.00000000000000             2
    0.22500000000000    0.36111111111112    0.00000000000000             2
   -0.22500000000000    0.36111111111112    0.00000000000000             2
    0.27500000000000    0.36111111111112    0.00000000000000             2
   -0.27500000000000    0.36111111111112    0.00000000000000             2
    0.32500000000000    0.36111111111112    0.00000000000000             2
   -0.32500000000000    0.36111111111112    0.00000000000000             2
    0.37500000000000    0.36111111111112    0.00000000000000             2
   -0.37500000000000    0.36111111111112    0.00000000000000             2
    0.42500000000000    0.36111111111112    0.00000000000000             2
   -0.42500000000000    0.36111111111112    0.00000000000000             2
    0.47500000000000    0.36111111111112    0.00000000000000             2
   -0.47500000000000    0.36111111111112    0.00000000000000             2
    0.02500000000000    0.41666666666667    0.00000000000000             2
   -0.02500000000000    0.41666666666667    0.00000000000000             2
    0.07500000000000    0.41666666666667    0.00000000000000             2
   -0.07500000000000    0.41666666666667    0.00000000000000             2
    0.12500000000000    0.41666666666667    0.00000000000000             2
   -0.12500000000000    0.41666666666667    0.00000000000000             2
    0.17500000000000    0.41666666666667    0.00000000000000             2
   -0.17500000000000    0.41666666666667    0.00000000000000             2
    0.22500000000000    0.41666666666667    0.00000000000000             2
   -0.22500000000000    0.41666666666667    0.00000000000000             2
    0.27500000000000    0.41666666666667    0.00000000000000             2
   -0.27500000000000    0.41666666666667    0.00000000000000             2
    0.32500000000000    0.41666666666667    0.00000000000000             2
   -0.32500000000000    0.41666666666667    0.00000000000000             2
    0.37500000000000    0.41666666666667    0.00000000000000             2
   -0.37500000000000    0.41666666666667    0.00000000000000             2
    0.42500000000000    0.41666666666667    0.00000000000000             2
   -0.42500000000000    0.41666666666667    0.00000000000000             2
    0.47500000000000    0.41666666666667    0.00000000000000             2
   -0.47500000000000    0.41666666666667    0.00000000000000             2
    0.02500000000000    0.47222222222222    0.00000000000000             2
   -0.02500000000000    0.47222222222222    0.00000000000000             2
    0.07500000000000    0.47222222222222    0.00000000000000             2
   -0.07500000000000    0.47222222222222    0.00000000000000             2
    0.12500000000000    0.47222222222222    0.00000000000000             2
   -0.12500000000000    0.47222222222222    0.00000000000000             2
    0.17500000000000    0.47222222222222    0.00000000000000             2
   -0.17500000000000    0.47222222222222    0.00000000000000             2
    0.22500000000000    0.47222222222222    0.00000000000000             2
   -0.22500000000000    0.47222222222222    0.00000000000000             2
    0.27500000000000    0.47222222222222    0.00000000000000             2
   -0.27500000000000    0.47222222222222    0.00000000000000             2
    0.32500000000000    0.47222222222222    0.00000000000000             2
   -0.32500000000000    0.47222222222222    0.00000000000000             2
    0.37500000000000    0.47222222222222    0.00000000000000             2
   -0.37500000000000    0.47222222222222    0.00000000000000             2
    0.42500000000000    0.47222222222222    0.00000000000000             2
   -0.42500000000000    0.47222222222222    0.00000000000000             2
    0.47500000000000    0.47222222222222    0.00000000000000             2
   -0.47500000000000    0.47222222222222    0.00000000000000             2
