       N       E                     dE             d eps       ncg     rms          rms(c)
DAV:   1     0.172486616914E+03    0.17249E+03   -0.28849E+04120960   0.145E+03
DAV:   2    -0.870081314289E+02   -0.25949E+03   -0.23907E+03158688   0.221E+02
DAV:   3    -0.975822133381E+02   -0.10574E+02   -0.10467E+02181128   0.392E+01
DAV:   4    -0.976503699243E+02   -0.68157E-01   -0.68151E-01132624   0.358E+00
