       N       E                     dE             d eps       ncg     rms          rms(c)
DAV:   1     0.404376182388E+02    0.40438E+02   -0.16351E+04120960   0.651E+02
DAV:   2    -0.934717799035E+02   -0.13391E+03   -0.12629E+03169512   0.140E+02
