       N       E                     dE             d eps       ncg     rms          rms(c)
DAV:   1     0.155378757321E+03    0.15538E+03   -0.27136E+04120960   0.133E+03
DAV:   2    -0.880081677803E+02   -0.24339E+03   -0.22498E+03159816   0.212E+02
DAV:   3    -0.975893397552E+02   -0.95812E+01   -0.94932E+01180984   0.370E+01
DAV:   4    -0.976495534287E+02   -0.60214E-01   -0.60210E-01133056   0.336E+00
