       N       E                     dE             d eps       ncg     rms          rms(c)
DAV:   1     0.155378757321E+03    0.15538E+03   -0.27136E+04120960   0.133E+03
DAV:   2    -0.880081677803E+02   -0.24339E+03   -0.22498E+03159816   0.212E+02
