       N       E                     dE             d eps       ncg     rms          rms(c)
DAV:   1     0.533209347782E+02    0.53321E+02   -0.17664E+04 13440   0.724E+02
DAV:   2    -0.929262601586E+02   -0.14625E+03   -0.13757E+03 18672   0.150E+02
