       N       E                     dE             d eps       ncg     rms          rms(c)
DAV:   1     0.533209347782E+02    0.53321E+02   -0.17664E+04 13440   0.724E+02
DAV:   2    -0.929262601586E+02   -0.14625E+03   -0.13757E+03 18672   0.150E+02
DAV:   3    -0.975904769460E+02   -0.46642E+01   -0.46412E+01 19632   0.240E+01
DAV:   4    -0.976175386021E+02   -0.27062E-01   -0.27060E-01 16368   0.209E+00
