       N       E                     dE             d eps       ncg     rms          rms(c)
DAV:   1     0.145544775516E+03    0.14554E+03   -0.26256E+04120960   0.127E+03
DAV:   2    -0.884859258826E+02   -0.23403E+03   -0.21665E+03160728   0.206E+02
