       N       E                     dE             d eps       ncg     rms          rms(c)
DAV:   1     0.835742421988E+01    0.83574E+01   -0.35404E+02  8400   0.426E+01
DAV:   2     0.126782176572E+00   -0.82306E+01   -0.81826E+01 16368   0.596E+00
DAV:   3    -0.544271480166E-01   -0.18121E+00   -0.15834E+00  8616   0.158E+00
