       N       E                     dE             d eps       ncg     rms          rms(c)
DAV:   1     0.139545032994E+03    0.13955E+03   -0.25719E+04120960   0.123E+03
DAV:   2    -0.888176512257E+02   -0.22836E+03   -0.21165E+03161208   0.203E+02
